[individuals]
1
[dimensions]
3
[landmarks]
48
[rawpoints]
'#1
1.068053e+000 -2.425437e+000 -4.517707e+000
1.105098e+000 -2.796191e+000 -5.515214e+000
3.617232e+000 -7.774416e+000 -4.530982e+000
-1.328549e+000 -7.999190e+000 -4.533547e+000
1.154564e+000 -9.403418e+000 -3.272579e+000
2.263169e+000 -4.756961e+000 -4.049972e+000
-1.888084e-002 -4.850424e+000 -4.043211e+000
2.645551e+000 -5.448779e+000 -4.199820e+000
2.323964e+000 -4.859374e+000 -4.907884e+000
-4.993706e-002 -4.821590e+000 -4.795087e+000
-3.794010e-001 -5.504743e+000 -4.180070e+000
1.933772e+000 -4.047220e+000 -4.198322e+000
2.597130e-001 -4.060549e+000 -4.213566e+000
2.716313e+000 -9.213981e+000 -3.335090e+000
-4.100145e-001 -9.343889e+000 -3.283104e+000
2.336147e+000 -9.471005e+000 -2.818688e+000
-4.622426e-002 -9.509613e+000 -2.823893e+000
1.180767e+000 -1.018178e+001 -3.898944e+000
1.720007e+000 -9.856031e+000 -3.554717e+000
5.741820e-001 -9.847590e+000 -3.561808e+000
1.145148e+000 -5.114618e+000 -6.096642e+000
1.171728e+000 -5.919923e+000 -6.219891e+000
1.186049e+000 -6.721296e+000 -6.368245e+000
1.185283e+000 -7.521464e+000 -6.523682e+000
1.165461e+000 -8.335685e+000 -6.490946e+000
1.144318e+000 -9.115415e+000 -6.254333e+000
1.147066e+000 -9.787265e+000 -5.792905e+000
1.176937e+000 -1.041691e+001 -5.276118e+000
1.959029e+000 -4.145531e+000 -3.883729e+000
2.077014e+000 -4.305789e+000 -3.877380e+000
2.151548e+000 -4.487393e+000 -3.844090e+000
2.189128e+000 -4.676260e+000 -3.793476e+000
2.230252e+000 -5.003724e+000 -3.814183e+000
2.227771e+000 -5.332310e+000 -3.776925e+000
2.202569e+000 -5.661998e+000 -3.771629e+000
2.128380e+000 -6.048121e+000 -3.807112e+000
2.023510e+000 -6.428382e+000 -3.790335e+000
1.938514e+000 -6.810284e+000 -3.737572e+000
2.824845e-001 -4.160707e+000 -3.867962e+000
1.906003e-001 -4.296302e+000 -3.869228e+000
1.441367e-001 -4.451632e+000 -3.845888e+000
1.224267e-001 -4.612291e+000 -3.822476e+000
7.882961e-002 -4.942736e+000 -3.855730e+000
7.601567e-002 -5.276874e+000 -3.832286e+000
1.056042e-001 -5.609922e+000 -3.812289e+000
1.643560e-001 -6.033006e+000 -3.830297e+000
2.545782e-001 -6.435702e+000 -3.718576e+000
3.754415e-001 -6.845786e+000 -3.718615e+000
