[individuals]
1
[dimensions]
3
[landmarks]
48
[rawpoints]
'#1
4.550345e+000 -7.575521e+000 -5.553380e+000
4.865603e+000 -6.781814e+000 -5.563395e+000
-4.585631e-001 -6.942897e+000 -8.312499e+000
-1.143854e+000 -6.934162e+000 -4.372992e+000
-1.772198e+000 -7.677943e+000 -6.495690e+000
2.110496e+000 -7.356374e+000 -6.900523e+000
1.853191e+000 -7.447795e+000 -5.008030e+000
1.807869e+000 -7.478480e+000 -7.180608e+000
2.236291e+000 -6.747894e+000 -7.032495e+000
1.900474e+000 -6.654501e+000 -4.809007e+000
1.361380e+000 -7.364732e+000 -4.697122e+000
2.731955e+000 -7.333038e+000 -6.769443e+000
2.478775e+000 -7.251853e+000 -4.940330e+000
-1.356507e+000 -7.667911e+000 -7.844874e+000
-1.693030e+000 -7.603414e+000 -5.050586e+000
-1.725888e+000 -7.958107e+000 -7.485341e+000
-2.048766e+000 -7.876453e+000 -5.456296e+000
-2.500331e+000 -7.185795e+000 -6.609587e+000
-2.175948e+000 -7.492661e+000 -7.017966e+000
-2.275903e+000 -7.441037e+000 -6.092995e+000
2.175339e+000 -5.599622e+000 -5.870877e+000
1.485511e+000 -5.431525e+000 -6.005344e+000
8.076955e-001 -5.226353e+000 -6.149097e+000
1.201511e-001 -5.059676e+000 -6.296365e+000
-5.895773e-001 -5.054624e+000 -6.431987e+000
-1.289473e+000 -5.190523e+000 -6.549704e+000
-1.903774e+000 -5.566592e+000 -6.607863e+000
-2.497370e+000 -5.976603e+000 -6.649203e+000
2.558916e+000 -7.672671e+000 -6.689795e+000
2.437854e+000 -7.615864e+000 -6.664473e+000
2.303602e+000 -7.593709e+000 -6.667707e+000
2.167840e+000 -7.591245e+000 -6.677064e+000
1.892973e+000 -7.651544e+000 -6.690598e+000
1.621001e+000 -7.671579e+000 -6.761363e+000
1.344411e+000 -7.635828e+000 -6.801268e+000
1.143717e+000 -7.611479e+000 -6.817589e+000
9.434646e-001 -7.583909e+000 -6.834209e+000
7.430851e-001 -7.570199e+000 -6.862457e+000
2.358558e+000 -7.596622e+000 -4.924094e+000
2.241763e+000 -7.642963e+000 -4.988207e+000
2.106251e+000 -7.645355e+000 -5.027326e+000
1.972704e+000 -7.652177e+000 -5.072248e+000
1.692691e+000 -7.618232e+000 -5.124619e+000
1.416005e+000 -7.595286e+000 -5.196832e+000
1.138180e+000 -7.580170e+000 -5.266704e+000
9.281715e-001 -7.580696e+000 -5.329061e+000
7.256828e-001 -7.537042e+000 -5.400386e+000
5.302538e-001 -7.586690e+000 -5.486045e+000
