[individuals]
1
[dimensions]
3
[landmarks]
48
[rawpoints]
'#1
1.637147e+000 6.654243e-001 -6.949752e+000
2.571410e+000 5.945038e-001 -6.211514e+000
3.314224e-001 -8.320327e+000 -3.599335e+000
3.933598e+000 -8.722629e+000 -8.964757e+000
8.854275e-001 -9.929088e+000 -7.157939e+000
4.191666e-001 -3.106084e+000 -5.808427e+000
2.113278e+000 -3.149349e+000 -8.413805e+000
-3.950829e-001 -4.314217e+000 -5.198846e+000
1.326162e+000 -2.601817e+000 -5.189787e+000
3.163807e+000 -2.648741e+000 -7.755583e+000
2.349493e+000 -4.420683e+000 -9.445833e+000
7.966269e-001 -2.167174e+000 -6.102338e+000
2.047890e+000 -2.264016e+000 -8.170908e+000
-4.756748e-001 -9.980122e+000 -5.045232e+000
2.080447e+000 -1.013690e+001 -9.263238e+000
-9.808916e-001 -9.614502e+000 -6.335847e+000
8.729704e-001 -9.622373e+000 -9.217935e+000
1.442552e+000 -1.083566e+001 -6.798084e+000
7.956882e-001 -1.053530e+001 -6.354547e+000
1.486138e+000 -1.049314e+001 -7.693783e+000
3.884262e+000 -3.954037e+000 -5.336481e+000
4.235352e+000 -4.969272e+000 -5.214446e+000
4.331286e+000 -6.044882e+000 -5.162445e+000
4.377627e+000 -7.123170e+000 -5.099334e+000
4.329009e+000 -8.203154e+000 -5.088554e+000
4.005556e+000 -9.227934e+000 -5.206128e+000
3.468998e+000 -1.011758e+001 -5.505296e+000
2.994026e+000 -1.099205e+001 -5.927861e+000
2.584137e-001 -2.250033e+000 -6.289853e+000
3.200357e-001 -2.440984e+000 -6.237666e+000
2.587176e-001 -2.638694e+000 -6.226157e+000
1.589615e-001 -2.819099e+000 -6.204171e+000
2.175535e-001 -3.235121e+000 -6.147435e+000
1.674395e-001 -3.651316e+000 -6.084113e+000
2.732239e-002 -4.047757e+000 -6.138220e+000
6.886588e-002 -4.498576e+000 -6.080381e+000
6.286691e-002 -4.953456e+000 -6.117009e+000
-5.556791e-002 -5.382584e+000 -6.217710e+000
1.729030e+000 -2.313828e+000 -8.374231e+000
1.751825e+000 -2.536884e+000 -8.392699e+000
1.718826e+000 -2.757888e+000 -8.418829e+000
1.640261e+000 -2.949913e+000 -8.505828e+000
1.726686e+000 -3.353147e+000 -8.438971e+000
1.735170e+000 -3.763844e+000 -8.514963e+000
1.631154e+000 -4.149377e+000 -8.637790e+000
1.659208e+000 -4.602347e+000 -8.608347e+000
1.649539e+000 -5.056276e+000 -8.581892e+000
1.507520e+000 -5.482356e+000 -8.653530e+000
