[individuals]
1
[dimensions]
3
[landmarks]
48
[rawpoints]
'#1
1.324201e-002 1.945072e+001 -4.409906e+000
-1.804219e-001 1.806381e+001 -4.449935e+000
-3.162003e+000 2.011398e+001 -1.378429e+001
3.023972e+000 1.934514e+001 -1.376702e+001
1.628349e-001 2.129624e+001 -1.520716e+001
-1.426851e+000 2.034295e+001 -8.270323e+000
1.510512e+000 2.000600e+001 -8.185114e+000
-2.437136e+000 2.132667e+001 -9.468719e+000
-1.627291e+000 1.926236e+001 -7.779944e+000
1.434824e+000 1.882795e+001 -7.903026e+000
2.760564e+000 2.052237e+001 -9.493298e+000
-1.163143e+000 2.028829e+001 -7.312767e+000
1.222048e+000 1.982187e+001 -7.325438e+000
-2.170833e+000 2.185355e+001 -1.509124e+001
2.393604e+000 2.132460e+001 -1.497226e+001
-1.526901e+000 2.290969e+001 -1.509336e+001
1.859459e+000 2.244980e+001 -1.516920e+001
6.395175e-002 2.057157e+001 -1.623513e+001
-6.372258e-001 2.113109e+001 -1.587596e+001
8.018077e-001 2.088972e+001 -1.582967e+001
-3.861061e-001 1.725541e+001 -9.274344e+000
-4.101675e-001 1.717332e+001 -1.034495e+001
-4.209019e-001 1.720937e+001 -1.141833e+001
-4.369980e-001 1.721632e+001 -1.249218e+001
-4.515880e-001 1.720224e+001 -1.356601e+001
-4.340720e-001 1.750776e+001 -1.459543e+001
-3.666729e-001 1.813143e+001 -1.546724e+001
-2.782517e-001 1.882693e+001 -1.628086e+001
-1.156513e+000 2.070940e+001 -7.392050e+000
-1.162517e+000 2.066153e+001 -7.601731e+000
-1.179345e+000 2.075261e+001 -7.795937e+000
-1.225124e+000 2.085798e+001 -7.977866e+000
-1.231570e+000 2.084250e+001 -8.367059e+000
-1.298471e+000 2.094740e+001 -8.736702e+000
-1.306157e+000 2.111692e+001 -9.086897e+000
-1.339929e+000 2.110655e+001 -9.530157e+000
-1.290037e+000 2.118890e+001 -9.964260e+000
-1.222428e+000 2.136914e+001 -1.036510e+001
1.390459e+000 2.033866e+001 -7.358607e+000
1.414369e+000 2.032220e+001 -7.567449e+000
1.434090e+000 2.034260e+001 -7.776375e+000
1.459008e+000 2.048080e+001 -7.933653e+000
1.488467e+000 2.046324e+001 -8.311060e+000
1.509050e+000 2.049329e+001 -8.688267e+000
1.509029e+000 2.065070e+001 -9.032984e+000
1.509014e+000 2.073854e+001 -9.473319e+000
1.500925e+000 2.082110e+001 -9.914600e+000
1.483309e+000 2.095081e+001 -1.034410e+001
