[individuals]
1
[dimensions]
3
[landmarks]
48
[rawpoints]
'#1
-6.059713e-001 2.044408e+001 -2.850013e+001
-4.835285e-001 1.912359e+001 -2.841080e+001
-3.303353e+000 1.956380e+001 -3.719087e+001
3.065967e+000 1.952292e+001 -3.734367e+001
6.282254e-002 2.073777e+001 -3.936377e+001
-1.814323e+000 2.077983e+001 -3.247680e+001
1.132379e+000 2.086990e+001 -3.236114e+001
-2.644453e+000 2.127205e+001 -3.357914e+001
-1.850381e+000 1.964118e+001 -3.195071e+001
1.244115e+000 1.981932e+001 -3.177474e+001
2.138115e+000 2.132373e+001 -3.324263e+001
-1.680809e+000 2.073466e+001 -3.166821e+001
8.400833e-001 2.075517e+001 -3.154337e+001
-2.369398e+000 2.089186e+001 -3.958353e+001
2.520853e+000 2.094426e+001 -3.917584e+001
-1.737426e+000 2.207672e+001 -3.903916e+001
1.764314e+000 2.209824e+001 -3.890438e+001
1.342184e-001 1.950416e+001 -4.011971e+001
-7.119020e-001 2.023239e+001 -3.992274e+001
9.039265e-001 2.035025e+001 -3.978514e+001
-2.477915e-001 1.788396e+001 -3.224940e+001
-1.755792e-001 1.752479e+001 -3.333027e+001
-1.050308e-001 1.724283e+001 -3.443385e+001
-3.227480e-002 1.709824e+001 -3.556345e+001
3.816091e-002 1.697794e+001 -3.669619e+001
1.053865e-001 1.704184e+001 -3.783358e+001
1.476996e-001 1.743227e+001 -3.890498e+001
1.802816e-001 1.795604e+001 -3.991846e+001
-1.600596e+000 2.117014e+001 -3.168237e+001
-1.579363e+000 2.115400e+001 -3.188987e+001
-1.581319e+000 2.115401e+001 -3.209907e+001
-1.635680e+000 2.123381e+001 -3.228467e+001
-1.588644e+000 2.114362e+001 -3.264495e+001
-1.632094e+000 2.115376e+001 -3.301665e+001
-1.643804e+000 2.128984e+001 -3.336521e+001
-1.643620e+000 2.121574e+001 -3.382128e+001
-1.591580e+000 2.119011e+001 -3.427967e+001
-1.537216e+000 2.132835e+001 -3.471719e+001
8.286688e-001 2.121156e+001 -3.155237e+001
8.464335e-001 2.118813e+001 -3.174417e+001
8.767329e-001 2.123781e+001 -3.192929e+001
9.185398e-001 2.129171e+001 -3.211094e+001
9.692524e-001 2.122346e+001 -3.249655e+001
1.027536e+000 2.123073e+001 -3.288702e+001
1.046267e+000 2.136788e+001 -3.325682e+001
1.066792e+000 2.132311e+001 -3.368396e+001
1.058757e+000 2.130813e+001 -3.411358e+001
1.042123e+000 2.126696e+001 -3.454126e+001
