[individuals]
1
[dimensions]
3
[landmarks]
48
[rawpoints]
'#1
1.825826e+000 -3.145688e+000 -5.718970e+000
2.041697e+000 -3.049490e+000 -5.968819e+000
3.065437e+000 -7.001470e+000 -4.857629e+000
8.556511e-001 -7.045664e+000 -6.925693e+000
1.469922e+000 -7.809785e+000 -5.432096e+000
2.441846e+000 -5.260364e+000 -5.208063e+000
1.263423e+000 -5.219556e+000 -6.272968e+000
2.448644e+000 -5.506991e+000 -5.110832e+000
2.553184e+000 -4.841868e+000 -5.473063e+000
1.592264e+000 -4.802258e+000 -6.468821e+000
1.152335e+000 -5.577305e+000 -6.378982e+000
2.468917e+000 -4.956718e+000 -5.338492e+000
1.377266e+000 -4.974625e+000 -6.291464e+000
2.335246e+000 -7.817652e+000 -4.870518e+000
8.363819e-001 -7.827603e+000 -6.137658e+000
2.024131e+000 -7.951464e+000 -4.889672e+000
8.991251e-001 -7.999527e+000 -5.932082e+000
1.678265e+000 -8.445692e+000 -5.760974e+000
1.914297e+000 -8.255864e+000 -5.283973e+000
1.231406e+000 -8.219759e+000 -5.901090e+000
2.714443e+000 -5.085412e+000 -6.519180e+000
2.811818e+000 -5.616523e+000 -6.627424e+000
2.967316e+000 -6.123815e+000 -6.774903e+000
3.033865e+000 -6.668874e+000 -6.816779e+000
3.011860e+000 -7.217398e+000 -6.773546e+000
2.899996e+000 -7.743423e+000 -6.655000e+000
2.592175e+000 -8.120665e+000 -6.397686e+000
2.296957e+000 -8.530824e+000 -6.178926e+000
2.241494e+000 -4.972579e+000 -5.131124e+000
2.169966e+000 -5.024236e+000 -5.133842e+000
2.122172e+000 -5.098404e+000 -5.131193e+000
2.090303e+000 -5.180655e+000 -5.134583e+000
2.110919e+000 -5.382781e+000 -5.141962e+000
2.104289e+000 -5.585811e+000 -5.150324e+000
2.104411e+000 -5.788963e+000 -5.158336e+000
2.100587e+000 -5.947505e+000 -5.190539e+000
2.079520e+000 -6.106859e+000 -5.209306e+000
2.048576e+000 -6.263051e+000 -5.238210e+000
1.151860e+000 -4.987424e+000 -6.144210e+000
1.146128e+000 -5.026155e+000 -6.069118e+000
1.139740e+000 -5.088189e+000 -6.011825e+000
1.142069e+000 -5.166329e+000 -5.979253e+000
1.213374e+000 -5.361640e+000 -6.015463e+000
1.241429e+000 -5.570662e+000 -6.007332e+000
1.250025e+000 -5.779979e+000 -5.981711e+000
1.290552e+000 -5.930611e+000 -5.983214e+000
1.318996e+000 -6.082901e+000 -5.964967e+000
1.348012e+000 -6.232967e+000 -5.933755e+000
