[individuals]
1
[dimensions]
3
[landmarks]
48
[rawpoints]
'#1
6.561166e+000 -7.745582e+000 -2.875281e+000
6.713372e+000 -6.721147e+000 -2.792724e+000
4.629084e-001 -6.438265e+000 -6.506856e+000
-3.218529e-001 -6.526094e+000 -1.582093e+000
-1.161645e+000 -7.511129e+000 -4.321422e+000
4.334295e+000 -7.647534e+000 -4.317304e+000
3.986050e+000 -7.699789e+000 -2.278602e+000
3.137023e+000 -7.909971e+000 -5.570699e+000
4.046160e+000 -6.936559e+000 -4.580548e+000
3.575913e+000 -6.930438e+000 -2.094391e+000
2.170494e+000 -8.039236e+000 -1.659693e+000
4.809030e+000 -7.685530e+000 -3.889510e+000
4.639058e+000 -7.666207e+000 -2.363333e+000
-8.563288e-001 -7.607552e+000 -5.921421e+000
-1.395906e+000 -7.665647e+000 -2.677990e+000
-1.024019e+000 -8.250350e+000 -5.348495e+000
-1.446317e+000 -8.260692e+000 -3.237946e+000
-1.755727e+000 -6.603900e+000 -4.413758e+000
-1.396877e+000 -7.104051e+000 -4.876064e+000
-1.627854e+000 -7.080468e+000 -3.810013e+000
3.709304e+000 -5.549324e+000 -3.343414e+000
2.896479e+000 -5.374789e+000 -3.505376e+000
2.115507e+000 -5.081196e+000 -3.651123e+000
1.352263e+000 -4.738568e+000 -3.783519e+000
5.236007e-001 -4.631188e+000 -3.922026e+000
-3.111645e-001 -4.726197e+000 -4.029861e+000
-1.050060e+000 -5.081843e+000 -4.241961e+000
-1.821738e+000 -5.386756e+000 -4.411978e+000
4.719276e+000 -7.994484e+000 -3.941162e+000
4.582326e+000 -7.964684e+000 -3.972066e+000
4.448328e+000 -7.944992e+000 -4.019561e+000
4.319472e+000 -7.918616e+000 -4.077002e+000
4.030644e+000 -7.816240e+000 -4.233481e+000
3.718544e+000 -7.774186e+000 -4.372117e+000
3.405922e+000 -7.895531e+000 -4.449138e+000
2.980173e+000 -7.945134e+000 -4.550547e+000
2.549946e+000 -7.996444e+000 -4.629741e+000
2.113543e+000 -8.030607e+000 -4.678488e+000
4.434841e+000 -7.943128e+000 -2.359737e+000
4.338130e+000 -7.905479e+000 -2.449950e+000
4.204720e+000 -7.872677e+000 -2.455969e+000
4.073539e+000 -7.913582e+000 -2.450562e+000
3.772980e+000 -7.766521e+000 -2.433840e+000
3.438480e+000 -7.769289e+000 -2.415012e+000
3.116781e+000 -7.861581e+000 -2.430279e+000
2.667524e+000 -7.892458e+000 -2.494680e+000
2.231276e+000 -7.977076e+000 -2.592028e+000
1.797670e+000 -8.057264e+000 -2.703742e+000
