[individuals]
1
[dimensions]
3
[landmarks]
48
[rawpoints]
'#1
-1.004584e+000 -7.411309e+000 -4.742393e+000
-1.116678e+000 -6.623039e+000 -4.755057e+000
4.341524e+000 -6.171485e+000 -2.919334e+000
4.379649e+000 -6.394126e+000 -6.719718e+000
5.360137e+000 -7.347806e+000 -4.714435e+000
9.511013e-001 -7.243661e+000 -3.948744e+000
9.193478e-001 -7.237943e+000 -5.579535e+000
2.311055e+000 -7.452427e+000 -3.151672e+000
1.011634e+000 -6.580196e+000 -4.050644e+000
1.065592e+000 -6.645776e+000 -5.614160e+000
2.273345e+000 -7.576950e+000 -6.377063e+000
5.407438e-001 -7.098792e+000 -4.183983e+000
5.909293e-001 -7.268399e+000 -5.443633e+000
5.380824e+000 -7.156002e+000 -3.521797e+000
5.088712e+000 -7.508555e+000 -6.256044e+000
5.355499e+000 -7.954440e+000 -3.669363e+000
5.442691e+000 -7.996043e+000 -5.715605e+000
5.939473e+000 -6.727369e+000 -4.842211e+000
5.606609e+000 -7.043334e+000 -4.243360e+000
5.598014e+000 -7.010543e+000 -5.329670e+000
1.435643e+000 -5.479733e+000 -4.876536e+000
2.072769e+000 -5.345026e+000 -4.883103e+000
2.657907e+000 -5.059382e+000 -4.897577e+000
3.276942e+000 -4.856995e+000 -4.895605e+000
3.921710e+000 -4.767278e+000 -4.876092e+000
4.572343e+000 -4.773881e+000 -4.847410e+000
5.177741e+000 -5.011835e+000 -4.815131e+000
5.774598e+000 -5.271752e+000 -4.796338e+000
5.669538e-001 -7.306217e+000 -4.075614e+000
6.816727e-001 -7.364613e+000 -4.040084e+000
8.133262e-001 -7.370061e+000 -4.018418e+000
9.293526e-001 -7.422191e+000 -3.977771e+000
1.204576e+000 -7.380155e+000 -3.930392e+000
1.482940e+000 -7.389060e+000 -3.883565e+000
1.764223e+000 -7.408957e+000 -3.867919e+000
2.092042e+000 -7.455640e+000 -3.871848e+000
2.417638e+000 -7.514976e+000 -3.882843e+000
2.745436e+000 -7.557324e+000 -3.903081e+000
6.059280e-001 -7.437119e+000 -5.477103e+000
6.809323e-001 -7.493978e+000 -5.487395e+000
7.673604e-001 -7.528502e+000 -5.504815e+000
8.592520e-001 -7.546813e+000 -5.518456e+000
1.130891e+000 -7.467992e+000 -5.579404e+000
1.418986e+000 -7.484597e+000 -5.600654e+000
1.707322e+000 -7.508201e+000 -5.596233e+000
2.040373e+000 -7.535028e+000 -5.619384e+000
2.369726e+000 -7.594504e+000 -5.632783e+000
2.698992e+000 -7.654227e+000 -5.646912e+000
