[individuals]
1
[dimensions]
3
[landmarks]
48
[rawpoints]
'#1
8.945420e-002 -2.125814e+001 -5.745313e+000
-1.233158e-001 -1.827279e+001 -6.610815e+000
4.151014e+000 -1.924215e+001 -2.025681e+001
-4.431653e+000 -1.945629e+001 -2.009915e+001
-5.803440e-002 -2.176858e+001 -2.274274e+001
1.905917e+000 -2.161711e+001 -1.153321e+001
-1.866096e+000 -2.165526e+001 -1.150698e+001
3.965015e+000 -2.171813e+001 -1.483136e+001
2.243952e+000 -2.005290e+001 -1.209873e+001
-2.311305e+000 -1.977221e+001 -1.201580e+001
-3.812840e+000 -2.195508e+001 -1.475780e+001
1.572176e+000 -2.143810e+001 -1.127493e+001
-1.541868e+000 -2.134414e+001 -1.128273e+001
3.229760e+000 -2.137882e+001 -2.207742e+001
-3.349074e+000 -2.144466e+001 -2.214053e+001
2.524548e+000 -2.373993e+001 -2.268700e+001
-2.544271e+000 -2.391383e+001 -2.257736e+001
-1.127025e-001 -2.042116e+001 -2.387211e+001
9.500775e-001 -2.081807e+001 -2.342882e+001
-1.154024e+000 -2.093425e+001 -2.376599e+001
-5.738140e-002 -1.640240e+001 -1.364484e+001
-1.116129e-001 -1.607996e+001 -1.506630e+001
-1.429231e-001 -1.588513e+001 -1.651146e+001
-1.426865e-001 -1.613324e+001 -1.794877e+001
-1.521151e-001 -1.617213e+001 -1.940680e+001
-1.611527e-001 -1.627675e+001 -2.086157e+001
-1.611057e-001 -1.691333e+001 -2.217379e+001
-1.784182e-001 -1.733467e+001 -2.357004e+001
1.622672e+000 -2.178196e+001 -1.088420e+001
1.696404e+000 -2.181368e+001 -1.106215e+001
1.810117e+000 -2.193027e+001 -1.116978e+001
1.843702e+000 -2.199820e+001 -1.134969e+001
1.944071e+000 -2.211822e+001 -1.191680e+001
2.019852e+000 -2.219403e+001 -1.249524e+001
2.066114e+000 -2.228925e+001 -1.307393e+001
2.112914e+000 -2.234007e+001 -1.395851e+001
2.129254e+000 -2.236924e+001 -1.484518e+001
2.081116e+000 -2.276293e+001 -1.563891e+001
-1.497182e+000 -2.174024e+001 -1.079885e+001
-1.568901e+000 -2.183419e+001 -1.098407e+001
-1.668617e+000 -2.197506e+001 -1.112002e+001
-1.713659e+000 -2.202140e+001 -1.133002e+001
-1.858631e+000 -2.221440e+001 -1.187954e+001
-1.983350e+000 -2.238060e+001 -1.244265e+001
-2.077846e+000 -2.249915e+001 -1.302341e+001
-2.214716e+000 -2.237584e+001 -1.390852e+001
-2.115203e+000 -2.251571e+001 -1.479633e+001
-2.049646e+000 -2.293225e+001 -1.559596e+001
