[individuals]
1
[dimensions]
3
[landmarks]
48
[rawpoints]
'#1
-3.610065e+000 -8.500040e+000 -4.748136e+000
-3.443277e+000 -7.283390e+000 -4.812356e+000
3.338630e+000 -6.697120e+000 -1.714032e+000
3.914681e+000 -6.815047e+000 -6.801018e+000
5.773162e+000 -7.751824e+000 -4.040889e+000
-1.295828e-001 -8.132853e+000 -3.445333e+000
5.050764e-002 -8.179538e+000 -5.588765e+000
1.181642e+000 -8.382478e+000 -2.372020e+000
-3.610836e-001 -7.362564e+000 -3.348238e+000
-2.385910e-001 -7.279808e+000 -5.755716e+000
1.447392e+000 -8.424514e+000 -6.439511e+000
-5.446328e-001 -8.019191e+000 -3.690000e+000
-4.511662e-001 -8.109901e+000 -5.378801e+000
5.145953e+000 -7.766513e+000 -2.235236e+000
5.417409e+000 -7.899429e+000 -5.997821e+000
5.431114e+000 -8.606044e+000 -2.832523e+000
5.571082e+000 -8.647703e+000 -5.402108e+000
6.326276e+000 -6.793581e+000 -4.082128e+000
5.856670e+000 -7.204464e+000 -3.510652e+000
6.145749e+000 -7.218266e+000 -4.729259e+000
-1.338840e-001 -5.612711e+000 -4.598312e+000
7.437528e-001 -5.380249e+000 -4.558552e+000
1.601357e+000 -5.081434e+000 -4.527511e+000
2.461388e+000 -4.789509e+000 -4.497053e+000
3.336840e+000 -4.549613e+000 -4.454116e+000
4.242532e+000 -4.508408e+000 -4.392288e+000
5.089433e+000 -4.821670e+000 -4.289983e+000
5.982075e+000 -4.968721e+000 -4.204803e+000
-4.878256e-001 -8.298322e+000 -3.722114e+000
-4.085932e-001 -8.364747e+000 -3.635522e+000
-2.877360e-001 -8.401606e+000 -3.588364e+000
-1.587385e-001 -8.402664e+000 -3.549019e+000
1.609592e-001 -8.390374e+000 -3.465744e+000
4.848782e-001 -8.395495e+000 -3.399801e+000
8.113594e-001 -8.416640e+000 -3.352322e+000
1.220661e+000 -8.333582e+000 -3.305427e+000
1.635469e+000 -8.275147e+000 -3.271260e+000
2.046510e+000 -8.362705e+000 -3.269850e+000
-3.166223e-001 -8.396945e+000 -5.398763e+000
-2.349573e-001 -8.388784e+000 -5.410882e+000
-1.691364e-001 -8.433362e+000 -5.434615e+000
-8.850356e-002 -8.441516e+000 -5.452353e+000
2.471925e-001 -8.383605e+000 -5.494021e+000
5.844599e-001 -8.413393e+000 -5.550147e+000
9.250676e-001 -8.448265e+000 -5.573475e+000
1.361969e+000 -8.384928e+000 -5.559355e+000
1.792956e+000 -8.296011e+000 -5.521594e+000
2.213773e+000 -8.381356e+000 -5.418036e+000
