[individuals]
1
[dimensions]
3
[landmarks]
48
[rawpoints]
'#1
4.717914e-001 1.925153e+001 -7.078072e+001
-4.334736e-002 1.763215e+001 -7.170990e+001
-2.807927e+000 1.986624e+001 -8.263266e+001
3.912704e+000 1.761068e+001 -8.248446e+001
1.250461e+000 2.068106e+001 -8.414187e+001
-9.070266e-001 1.967779e+001 -7.605058e+001
1.926909e+000 1.876571e+001 -7.592319e+001
-2.075351e+000 2.086883e+001 -7.818417e+001
-1.531673e+000 1.865139e+001 -7.618481e+001
1.997715e+000 1.771378e+001 -7.608107e+001
3.777870e+000 1.902929e+001 -7.799384e+001
-5.479370e-001 1.937959e+001 -7.522085e+001
1.542572e+000 1.877136e+001 -7.513931e+001
-1.127812e+000 2.169985e+001 -8.404600e+001
3.817792e+000 2.005768e+001 -8.364211e+001
-3.812117e-001 2.289289e+001 -8.339249e+001
3.924463e+000 2.149342e+001 -8.303793e+001
1.049636e+000 1.964582e+001 -8.544298e+001
3.569836e-001 2.043141e+001 -8.488091e+001
2.032962e+000 1.997048e+001 -8.478526e+001
-4.297422e-001 1.610859e+001 -7.718973e+001
-3.737973e-001 1.614158e+001 -7.843846e+001
-3.078793e-001 1.623555e+001 -7.968361e+001
-3.040007e-001 1.615659e+001 -8.093153e+001
-2.190975e-001 1.634376e+001 -8.216495e+001
-1.009557e-001 1.662611e+001 -8.337733e+001
1.737956e-001 1.732866e+001 -8.437450e+001
3.916878e-001 1.785012e+001 -8.548989e+001
-4.476484e-001 1.991154e+001 -7.528392e+001
-5.526084e-001 1.993826e+001 -7.547200e+001
-6.090995e-001 2.000786e+001 -7.566965e+001
-6.416620e-001 2.010876e+001 -7.585903e+001
-7.511884e-001 2.003232e+001 -7.636323e+001
-7.962850e-001 2.012231e+001 -7.687502e+001
-7.284607e-001 2.026300e+001 -7.737267e+001
-6.712788e-001 2.040798e+001 -7.802354e+001
-6.139954e-001 2.051391e+001 -7.868184e+001
-3.635800e-001 2.085460e+001 -7.920063e+001
1.708400e+000 1.920213e+001 -7.517215e+001
1.873666e+000 1.923772e+001 -7.530385e+001
1.972900e+000 1.925555e+001 -7.552168e+001
2.038369e+000 1.926505e+001 -7.575405e+001
2.158634e+000 1.908798e+001 -7.624065e+001
2.245071e+000 1.912558e+001 -7.676378e+001
2.285148e+000 1.928456e+001 -7.726945e+001
2.359112e+000 1.941305e+001 -7.793446e+001
2.402751e+000 1.952737e+001 -7.860466e+001
2.459687e+000 1.989174e+001 -7.917755e+001
