[individuals]
1
[dimensions]
3
[landmarks]
48
[rawpoints]
'#1
4.017307e-001 1.066689e+000 -3.702351e+000
9.910580e-001 1.302750e-001 -5.861261e+000
4.910187e+000 -1.072772e+001 -4.551693e+000
-1.890637e+000 -1.077491e+001 -6.384633e+000
1.208721e+000 -1.284530e+001 -3.513590e+000
2.494811e+000 -4.530141e+000 -3.834914e+000
-6.771572e-001 -4.635770e+000 -4.559699e+000
3.715270e+000 -6.478109e+000 -2.962401e+000
2.921962e+000 -4.661488e+000 -4.679842e+000
-5.896881e-001 -4.997098e+000 -5.643491e+000
-2.056975e+000 -6.781308e+000 -4.359107e+000
2.152807e+000 -3.720746e+000 -4.094240e+000
-3.072136e-001 -3.813331e+000 -4.709549e+000
3.642048e+000 -1.235844e+001 -2.900910e+000
-1.358058e+000 -1.256198e+001 -4.068091e+000
2.566947e+000 -1.248333e+001 -1.355356e+000
-1.352751e+000 -1.280750e+001 -2.373614e+000
1.387486e+000 -1.358983e+001 -4.566680e+000
2.108158e+000 -1.341411e+001 -4.075320e+000
4.773609e-001 -1.342789e+001 -4.340053e+000
1.808484e+000 -5.339952e+000 -7.752821e+000
1.862399e+000 -6.505159e+000 -7.874139e+000
1.920272e+000 -7.672270e+000 -7.973952e+000
1.991184e+000 -8.830972e+000 -8.139997e+000
2.056491e+000 -1.000185e+001 -8.123889e+000
2.102439e+000 -1.116355e+001 -7.970521e+000
2.107193e+000 -1.223085e+001 -7.484546e+000
2.093448e+000 -1.331480e+001 -7.037149e+000
2.030981e+000 -3.754969e+000 -3.640451e+000
2.152253e+000 -3.888030e+000 -3.646111e+000
2.202032e+000 -4.050956e+000 -3.587595e+000
2.235608e+000 -4.214839e+000 -3.520799e+000
2.365929e+000 -4.741643e+000 -3.559251e+000
2.437094e+000 -5.255642e+000 -3.395788e+000
2.445049e+000 -5.777140e+000 -3.240995e+000
2.473911e+000 -6.458207e+000 -3.163437e+000
2.444595e+000 -7.142320e+000 -3.120202e+000
2.327593e+000 -7.765111e+000 -2.857198e+000
-3.867543e-001 -3.763522e+000 -4.333314e+000
-5.396428e-001 -3.936349e+000 -4.259760e+000
-6.269268e-001 -4.174130e+000 -4.208381e+000
-6.780369e-001 -4.425488e+000 -4.170732e+000
-7.225904e-001 -4.925630e+000 -4.260596e+000
-7.633477e-001 -5.421063e+000 -4.146107e+000
-7.697156e-001 -5.918395e+000 -4.032888e+000
-7.661799e-001 -6.611904e+000 -4.007997e+000
-7.208512e-001 -7.299019e+000 -3.921712e+000
-7.161778e-001 -7.912837e+000 -3.597956e+000
