[individuals]
1
[dimensions]
3
[landmarks]
48
[rawpoints]
'#1
-1.146356e-001 1.962066e+001 -5.176269e+001
-9.477620e-002 1.849229e+001 -5.232651e+001
-2.885564e+000 1.901117e+001 -5.923664e+001
2.224583e+000 1.888729e+001 -5.938670e+001
-3.636145e-001 2.022448e+001 -6.074146e+001
-1.103660e+000 1.965445e+001 -5.479180e+001
7.308235e-001 1.977990e+001 -5.484289e+001
-2.281589e+000 2.037540e+001 -5.658041e+001
-1.406062e+000 1.894031e+001 -5.499601e+001
6.477814e-001 1.909746e+001 -5.476837e+001
1.786472e+000 2.041050e+001 -5.676262e+001
-9.602112e-001 1.951658e+001 -5.454711e+001
5.423013e-001 1.965940e+001 -5.457283e+001
-2.274944e+000 2.031462e+001 -6.047838e+001
1.677140e+000 2.024454e+001 -6.070313e+001
-1.577132e+000 2.133714e+001 -6.039315e+001
1.102822e+000 2.127166e+001 -6.044089e+001
-3.480119e-001 1.938690e+001 -6.162177e+001
-1.008343e+000 1.979898e+001 -6.116311e+001
3.625730e-001 1.977429e+001 -6.120668e+001
-2.542872e-001 1.742640e+001 -5.566201e+001
-2.678198e-001 1.723922e+001 -5.653015e+001
-2.805215e-001 1.704509e+001 -5.739669e+001
-2.917567e-001 1.688596e+001 -5.827041e+001
-3.004524e-001 1.685070e+001 -5.915788e+001
-3.110211e-001 1.699567e+001 -6.003411e+001
-3.203645e-001 1.743153e+001 -6.080795e+001
-3.234184e-001 1.774200e+001 -6.164005e+001
-1.027149e+000 1.976782e+001 -5.437867e+001
-1.017262e+000 1.981505e+001 -5.445941e+001
-1.039264e+000 1.986560e+001 -5.453562e+001
-1.063944e+000 1.990080e+001 -5.461928e+001
-1.157913e+000 1.988456e+001 -5.494840e+001
-1.242723e+000 1.998940e+001 -5.526342e+001
-1.304372e+000 2.007629e+001 -5.558909e+001
-1.364436e+000 2.013012e+001 -5.601315e+001
-1.394774e+000 2.018916e+001 -5.643967e+001
-1.388506e+000 2.038192e+001 -5.682584e+001
6.013066e-001 1.983731e+001 -5.444036e+001
6.027038e-001 1.992021e+001 -5.451978e+001
6.306471e-001 1.995516e+001 -5.462552e+001
6.607358e-001 1.997271e+001 -5.473492e+001
7.456355e-001 1.995711e+001 -5.507169e+001
8.349572e-001 2.002352e+001 -5.540105e+001
8.947824e-001 2.007415e+001 -5.573977e+001
9.335905e-001 2.010538e+001 -5.614528e+001
9.358830e-001 2.015544e+001 -5.655074e+001
9.065732e-001 2.033973e+001 -5.691417e+001
