[individuals]
1
[dimensions]
3
[landmarks]
48
[rawpoints]
'#1
-6.123074e-001 7.521394e+000 -4.106922e-001
1.437588e+000 6.680842e+000 -2.214894e+000
4.684127e+000 -6.050290e+000 1.390382e+000
-1.153165e+000 -6.363312e+000 -4.600751e+000
2.908038e-001 -8.086016e+000 2.216209e-001
1.347779e+000 1.951134e+000 8.785766e-001
-1.223885e+000 2.217254e+000 -1.697424e+000
2.101611e+000 -6.432974e-001 2.687224e+000
2.539277e+000 1.510398e+000 2.047729e-002
-4.941185e-001 1.500997e+000 -2.889841e+000
-3.097671e+000 -8.766043e-001 -2.596384e+000
1.198224e+000 2.930331e+000 3.197498e-001
-1.001179e+000 2.812108e+000 -1.631407e+000
2.333834e+000 -7.742071e+000 2.307795e+000
-2.045132e+000 -8.037567e+000 -2.084065e+000
3.243782e-001 -7.672842e+000 3.222268e+000
-2.943198e+000 -7.860221e+000 -2.746553e-001
1.248879e+000 -9.126539e+000 -9.023389e-001
1.342328e+000 -8.768932e+000 4.667746e-001
-1.818337e-001 -8.703344e+000 -1.098969e+000
3.408592e+000 1.029182e-001 -3.503833e+000
3.597213e+000 -1.290894e+000 -3.612806e+000
3.750692e+000 -2.690767e+000 -3.694339e+000
3.979331e+000 -4.073111e+000 -3.858157e+000
3.997525e+000 -5.483066e+000 -3.817086e+000
3.846299e+000 -6.869355e+000 -3.603945e+000
3.460289e+000 -8.148286e+000 -3.150969e+000
2.983042e+000 -9.349831e+000 -2.586579e+000
6.503941e-001 3.075755e+000 7.968842e-001
7.337500e-001 2.885235e+000 7.196323e-001
8.025081e-001 2.676857e+000 7.523175e-001
8.580114e-001 2.468395e+000 8.040913e-001
1.069273e+000 1.892456e+000 9.399140e-001
1.205142e+000 1.295580e+000 1.081675e+000
1.191141e+000 6.856533e-001 1.232019e+000
1.245180e+000 -6.661530e-002 1.377471e+000
1.041636e+000 -7.819968e-001 1.569384e+000
8.123093e-001 -1.489553e+000 1.761042e+000
-1.463373e+000 2.872855e+000 -1.216156e+000
-1.480922e+000 2.703910e+000 -1.267019e+000
-1.521744e+000 2.534087e+000 -1.297538e+000
-1.581181e+000 2.369088e+000 -1.323620e+000
-1.490023e+000 1.778875e+000 -1.555509e+000
-1.724571e+000 1.198697e+000 -1.692609e+000
-1.910019e+000 5.900234e-001 -1.618167e+000
-1.921305e+000 -2.508770e-001 -1.752756e+000
-1.935343e+000 -1.060297e+000 -1.488226e+000
-2.036924e+000 -1.802906e+000 -1.083775e+000
