[individuals]
1
[dimensions]
3
[landmarks]
48
[rawpoints]
'#1
1.045800e+000 2.127851e+001 -4.965122e+001
7.396623e-001 1.812557e+001 -5.095467e+001
-4.655847e+000 2.043585e+001 -6.466110e+001
4.534997e+000 2.008747e+001 -6.530683e+001
-7.432469e-002 2.318317e+001 -6.695268e+001
-1.095917e+000 2.176533e+001 -5.532481e+001
2.562841e+000 2.139005e+001 -5.556464e+001
-3.673062e+000 2.297126e+001 -5.878025e+001
-1.818350e+000 2.051307e+001 -5.620360e+001
2.924296e+000 2.021751e+001 -5.652144e+001
4.785134e+000 2.240848e+001 -5.947084e+001
-6.966003e-001 2.148349e+001 -5.485990e+001
2.162132e+000 2.128119e+001 -5.495329e+001
-3.450995e+000 2.308902e+001 -6.602005e+001
3.437360e+000 2.279686e+001 -6.662361e+001
-3.177462e+000 2.571853e+001 -6.590038e+001
3.526437e+000 2.518419e+001 -6.653389e+001
-3.320893e-001 2.216049e+001 -6.842976e+001
-1.338160e+000 2.246201e+001 -6.781425e+001
9.180018e-001 2.243735e+001 -6.796733e+001
1.895797e-001 1.657705e+001 -5.878322e+001
3.253945e-002 1.642247e+001 -6.029913e+001
-1.009623e-001 1.630747e+001 -6.182084e+001
-1.788556e-001 1.673923e+001 -6.328841e+001
-2.623015e-001 1.703678e+001 -6.478870e+001
-3.354927e-001 1.745989e+001 -6.625913e+001
-3.778376e-001 1.830086e+001 -6.753883e+001
-4.473787e-001 1.895984e+001 -6.891979e+001
-8.292255e-001 2.186909e+001 -5.487271e+001
-1.016922e+000 2.176924e+001 -5.497040e+001
-1.085389e+000 2.170544e+001 -5.518484e+001
-1.038647e+000 2.171457e+001 -5.541391e+001
-1.130241e+000 2.223376e+001 -5.574213e+001
-1.309142e+000 2.241398e+001 -5.630886e+001
-1.463951e+000 2.265995e+001 -5.685770e+001
-1.625929e+000 2.286969e+001 -5.777779e+001
-1.707168e+000 2.293621e+001 -5.872950e+001
-1.751825e+000 2.346913e+001 -5.952374e+001
2.304734e+000 2.167028e+001 -5.492949e+001
2.378842e+000 2.167736e+001 -5.502471e+001
2.422799e+000 2.170626e+001 -5.513353e+001
2.452276e+000 2.172839e+001 -5.524865e+001
2.524256e+000 2.198527e+001 -5.583167e+001
2.607875e+000 2.219058e+001 -5.643328e+001
2.674851e+000 2.237396e+001 -5.704396e+001
2.740608e+000 2.263856e+001 -5.796659e+001
2.763495e+000 2.267117e+001 -5.892783e+001
2.801063e+000 2.323652e+001 -5.970549e+001
