[individuals]
1
[dimensions]
3
[landmarks]
48
[rawpoints]
'#1
-1.534708e-001 2.143897e+001 -2.862029e+001
-6.352020e-002 1.967610e+001 -2.900422e+001
-3.803960e+000 1.952798e+001 -3.995655e+001
3.186249e+000 2.013297e+001 -4.005018e+001
-4.705977e-001 2.144081e+001 -4.225289e+001
-1.966051e+000 2.128828e+001 -3.406398e+001
1.265321e+000 2.185552e+001 -3.449468e+001
-3.203267e+000 2.172988e+001 -3.601011e+001
-1.897712e+000 1.979183e+001 -3.416918e+001
1.568746e+000 2.016850e+001 -3.422873e+001
2.320437e+000 2.230350e+001 -3.603992e+001
-1.688756e+000 2.108582e+001 -3.340186e+001
9.311773e-001 2.152784e+001 -3.343995e+001
-3.053532e+000 2.139671e+001 -4.188048e+001
2.243789e+000 2.185650e+001 -4.169684e+001
-2.715586e+000 2.254922e+001 -4.225581e+001
1.716536e+000 2.290559e+001 -4.191564e+001
-2.729578e-001 2.025010e+001 -4.308854e+001
-1.216683e+000 2.064480e+001 -4.268404e+001
5.329127e-001 2.073345e+001 -4.275209e+001
5.615151e-002 1.756317e+001 -3.448149e+001
1.086617e-002 1.739969e+001 -3.573959e+001
-2.703953e-002 1.720488e+001 -3.699348e+001
-4.789011e-002 1.698220e+001 -3.824302e+001
-6.775413e-002 1.691031e+001 -3.951028e+001
-6.579410e-002 1.704540e+001 -4.077254e+001
-6.456830e-002 1.747616e+001 -4.196668e+001
-1.434539e-001 1.790042e+001 -4.316052e+001
-1.633437e+000 2.168491e+001 -3.353651e+001
-1.537783e+000 2.140712e+001 -3.362572e+001
-1.555377e+000 2.135721e+001 -3.392060e+001
-1.612658e+000 2.165888e+001 -3.395979e+001
-1.740149e+000 2.170873e+001 -3.443940e+001
-1.883782e+000 2.178512e+001 -3.491090e+001
-1.992480e+000 2.183683e+001 -3.539492e+001
-2.031416e+000 2.187471e+001 -3.590890e+001
-2.009303e+000 2.196728e+001 -3.641691e+001
-1.942760e+000 2.208266e+001 -3.691631e+001
7.413546e-001 2.197514e+001 -3.343699e+001
7.389091e-001 2.200183e+001 -3.353927e+001
7.661270e-001 2.200601e+001 -3.364136e+001
7.754885e-001 2.204380e+001 -3.373967e+001
8.881332e-001 2.207647e+001 -3.421054e+001
9.951324e-001 2.211422e+001 -3.468234e+001
1.082128e+000 2.214784e+001 -3.515855e+001
1.137728e+000 2.219222e+001 -3.573052e+001
1.158615e+000 2.220831e+001 -3.630634e+001
1.126613e+000 2.236775e+001 -3.685929e+001
