[individuals]
1
[dimensions]
3
[landmarks]
48
[rawpoints]
'#1
-1.374458e-001 1.963847e+001 -4.941317e+000
5.228024e-002 1.933204e+001 -6.646990e+000
-2.755934e+000 1.906273e+001 -1.469108e+001
3.352831e+000 1.947155e+001 -1.439683e+001
2.370605e-001 2.092035e+001 -1.607769e+001
-1.151121e+000 1.968440e+001 -8.854862e+000
1.273767e+000 1.975517e+001 -8.800787e+000
-2.510415e+000 2.037055e+001 -1.115680e+001
-1.605017e+000 1.901055e+001 -9.723129e+000
1.784463e+000 1.917853e+001 -9.534829e+000
2.638233e+000 2.067746e+001 -1.097961e+001
-8.997040e-001 1.955684e+001 -8.404588e+000
9.166843e-001 1.960426e+001 -8.342394e+000
-1.958618e+000 2.088376e+001 -1.603498e+001
2.417506e+000 2.128532e+001 -1.581105e+001
-1.614683e+000 2.237158e+001 -1.563312e+001
1.939711e+000 2.254060e+001 -1.555102e+001
3.421374e-001 1.988038e+001 -1.704112e+001
-4.683560e-001 2.041201e+001 -1.665242e+001
1.078326e+000 2.039910e+001 -1.662273e+001
2.262322e-001 1.730335e+001 -1.025648e+001
2.714291e-001 1.724163e+001 -1.130644e+001
3.298680e-001 1.698635e+001 -1.232622e+001
3.858104e-001 1.672163e+001 -1.334364e+001
4.231989e-001 1.664660e+001 -1.439316e+001
4.346465e-001 1.694324e+001 -1.540325e+001
4.302005e-001 1.753375e+001 -1.627482e+001
4.451765e-001 1.788270e+001 -1.726798e+001
-8.872229e-001 2.002637e+001 -8.215969e+000
-9.843754e-001 1.996344e+001 -8.334117e+000
-1.049834e+000 2.005402e+001 -8.456044e+000
-1.065314e+000 2.013840e+001 -8.597456e+000
-1.223626e+000 2.016296e+001 -9.062304e+000
-1.298899e+000 2.029605e+001 -9.529606e+000
-1.356941e+000 2.042222e+001 -1.000125e+001
-1.386272e+000 2.053716e+001 -1.056029e+001
-1.362320e+000 2.069035e+001 -1.111035e+001
-1.319735e+000 2.096595e+001 -1.160919e+001
7.783251e-001 1.993647e+001 -8.161304e+000
8.984172e-001 2.002069e+001 -8.250603e+000
9.669813e-001 2.009573e+001 -8.389009e+000
1.046362e+000 2.017742e+001 -8.517518e+000
1.131614e+000 2.013575e+001 -9.018711e+000
1.374308e+000 2.034478e+001 -9.415687e+000
1.491516e+000 2.056082e+001 -9.862650e+000
1.562178e+000 2.072231e+001 -1.040755e+001
1.582733e+000 2.086800e+001 -1.096103e+001
1.531175e+000 2.114009e+001 -1.146233e+001
