[individuals]
1
[dimensions]
3
[landmarks]
48
[rawpoints]
'#1
-7.155010e-001 1.855428e+001 -5.495010e+001
-6.403319e-001 1.733045e+001 -5.523844e+001
-2.878978e+000 1.914190e+001 -6.305318e+001
2.429866e+000 1.931614e+001 -6.280643e+001
-2.398520e-001 2.069127e+001 -6.389084e+001
-1.576305e+000 1.883854e+001 -5.878007e+001
6.842836e-001 1.888074e+001 -5.859517e+001
-2.462571e+000 1.953517e+001 -5.981716e+001
-1.715932e+000 1.816980e+001 -5.877692e+001
7.812881e-001 1.811065e+001 -5.859666e+001
1.601917e+000 1.955676e+001 -5.951748e+001
-1.383735e+000 1.876506e+001 -5.840902e+001
4.268473e-001 1.877293e+001 -5.829904e+001
-2.246235e+000 2.054881e+001 -6.387914e+001
1.812757e+000 2.073743e+001 -6.361553e+001
-1.675198e+000 2.156823e+001 -6.372463e+001
1.151634e+000 2.165285e+001 -6.347828e+001
-1.235679e-001 2.014798e+001 -6.496944e+001
-7.678045e-001 2.039370e+001 -6.467734e+001
4.841388e-001 2.047159e+001 -6.456698e+001
-2.259309e-001 1.668750e+001 -5.979706e+001
-2.027069e-001 1.667225e+001 -6.069995e+001
-1.815918e-001 1.670310e+001 -6.160258e+001
-1.618827e-001 1.679826e+001 -6.250068e+001
-1.495413e-001 1.703324e+001 -6.337288e+001
-1.238399e-001 1.751294e+001 -6.413786e+001
-1.024244e-001 1.815767e+001 -6.477026e+001
-7.235894e-002 1.872802e+001 -6.547014e+001
-1.394600e+000 1.903560e+001 -5.836787e+001
-1.404164e+000 1.906384e+001 -5.846148e+001
-1.441341e+000 1.910144e+001 -5.854426e+001
-1.457295e+000 1.913296e+001 -5.863593e+001
-1.555070e+000 1.919252e+001 -5.898076e+001
-1.631113e+000 1.934358e+001 -5.930236e+001
-1.642030e+000 1.954594e+001 -5.960394e+001
-1.601350e+000 1.961010e+001 -6.009165e+001
-1.477063e+000 1.976838e+001 -6.054233e+001
-1.304402e+000 1.999596e+001 -6.094484e+001
4.093966e-001 1.910957e+001 -5.825529e+001
4.599583e-001 1.913904e+001 -5.833000e+001
4.870477e-001 1.917990e+001 -5.841126e+001
5.127322e-001 1.919506e+001 -5.850135e+001
5.890240e-001 1.922661e+001 -5.884422e+001
6.699589e-001 1.936618e+001 -5.915783e+001
6.936339e-001 1.957543e+001 -5.944072e+001
7.135527e-001 1.968935e+001 -5.992635e+001
6.752139e-001 1.982785e+001 -6.040444e+001
5.935124e-001 2.003977e+001 -6.084900e+001
