[individuals]
1
[dimensions]
3
[landmarks]
48
[rawpoints]
'#1
-1.256387e+000 -8.446638e+000 -9.823769e+000
-1.391898e+000 -6.911561e+000 -9.904593e+000
1.925705e-001 -6.316924e+000 -5.551858e-001
5.330359e+000 -6.027049e+000 -3.168787e+000
3.691586e+000 -7.477698e+000 -3.365513e-001
-5.794569e-001 -7.897231e+000 -5.550009e+000
1.749784e+000 -7.923264e+000 -6.797453e+000
-6.362442e-001 -8.416891e+000 -3.493362e+000
-8.468231e-001 -6.747168e+000 -5.531657e+000
1.863592e+000 -6.648429e+000 -6.970221e+000
3.572384e+000 -8.252520e+000 -5.669793e+000
-5.870659e-001 -7.682733e+000 -6.154797e+000
1.338260e+000 -7.708470e+000 -7.084154e+000
1.614217e+000 -7.298799e+000 5.977337e-001
5.531308e+000 -7.301887e+000 -1.415090e+000
2.233410e+000 -8.521262e+000 5.264527e-001
5.226032e+000 -8.418300e+000 -8.940252e-001
3.926604e+000 -6.228283e+000 3.688911e-001
3.126339e+000 -7.005338e+000 4.587048e-001
4.542325e+000 -6.813889e+000 -2.665249e-001
7.910282e-001 -4.473721e+000 -5.640110e+000
1.238209e+000 -4.266357e+000 -4.826505e+000
1.679322e+000 -4.104985e+000 -3.999276e+000
2.117124e+000 -3.854179e+000 -3.192833e+000
2.549278e+000 -3.718588e+000 -2.356398e+000
2.961614e+000 -3.742182e+000 -1.499499e+000
3.345687e+000 -3.971579e+000 -6.600078e-001
3.724771e+000 -4.307478e+000 1.452152e-001
-5.731297e-001 -8.161058e+000 -6.153200e+000
-5.145375e-001 -8.199325e+000 -6.035350e+000
-4.605593e-001 -8.257546e+000 -5.923619e+000
-4.241258e-001 -8.267168e+000 -5.791838e+000
-3.173589e-001 -8.209646e+000 -5.367303e+000
-1.982373e-001 -8.263176e+000 -4.945541e+000
-3.353348e-002 -8.315905e+000 -4.539309e+000
1.812085e-001 -8.222100e+000 -4.070475e+000
4.465373e-001 -8.136770e+000 -3.626566e+000
7.543659e-001 -8.271978e+000 -3.224452e+000
1.345541e+000 -8.072142e+000 -7.079972e+000
1.396345e+000 -8.149683e+000 -6.984054e+000
1.503881e+000 -8.211226e+000 -6.934614e+000
1.592025e+000 -8.243162e+000 -6.839714e+000
1.793472e+000 -8.105097e+000 -6.426066e+000
2.134767e+000 -8.170054e+000 -6.094338e+000
2.424102e+000 -8.228074e+000 -5.715297e+000
2.643427e+000 -8.157645e+000 -5.269560e+000
2.825928e+000 -8.056352e+000 -4.813310e+000
3.023489e+000 -8.210534e+000 -4.378633e+000
