[individuals]
1
[dimensions]
3
[landmarks]
48
[rawpoints]
'#1
-1.625268e-001 1.801228e+001 -4.313871e+001
-7.208686e-002 1.681781e+001 -4.405191e+001
-3.637547e+000 1.922471e+001 -5.343226e+001
2.794611e+000 1.966311e+001 -5.366539e+001
-5.250853e-001 2.143698e+001 -5.447993e+001
-1.703588e+000 1.894101e+001 -4.774336e+001
1.366854e+000 1.915074e+001 -4.792112e+001
-3.095795e+000 1.997980e+001 -4.946680e+001
-1.727054e+000 1.782918e+001 -4.780715e+001
1.475640e+000 1.815392e+001 -4.789508e+001
2.461105e+000 2.027797e+001 -4.962283e+001
-1.274948e+000 1.860187e+001 -4.703429e+001
8.907348e-001 1.887400e+001 -4.710782e+001
-2.807501e+000 2.126812e+001 -5.433845e+001
1.757042e+000 2.148034e+001 -5.445845e+001
-2.554237e+000 2.269379e+001 -5.430526e+001
1.359534e+000 2.291898e+001 -5.443064e+001
-4.913989e-001 2.088428e+001 -5.550053e+001
-1.299451e+000 2.115633e+001 -5.513816e+001
2.417451e-001 2.132319e+001 -5.509313e+001
-4.214602e-002 1.616391e+001 -4.953794e+001
-8.993084e-002 1.631291e+001 -5.058241e+001
-1.296268e-001 1.640303e+001 -5.163389e+001
-1.516748e-001 1.645350e+001 -5.268857e+001
-1.801631e-001 1.676525e+001 -5.369720e+001
-2.175352e-001 1.725347e+001 -5.463291e+001
-2.855505e-001 1.798455e+001 -5.539208e+001
-3.631178e-001 1.872531e+001 -5.614075e+001
-1.314366e+000 1.916698e+001 -4.697446e+001
-1.430454e+000 1.917303e+001 -4.716516e+001
-1.518083e+000 1.923972e+001 -4.735945e+001
-1.590088e+000 1.939203e+001 -4.750606e+001
-1.730760e+000 1.940291e+001 -4.798378e+001
-1.815996e+000 1.963663e+001 -4.841534e+001
-1.858765e+000 1.988946e+001 -4.884241e+001
-1.881408e+000 2.010632e+001 -4.947062e+001
-1.883582e+000 2.025730e+001 -5.011822e+001
-1.800558e+000 2.058438e+001 -5.069121e+001
8.379304e-001 1.928650e+001 -4.703442e+001
9.698175e-001 1.935846e+001 -4.726029e+001
1.053150e+000 1.948573e+001 -4.748491e+001
1.116638e+000 1.958225e+001 -4.773036e+001
1.278141e+000 1.955328e+001 -4.818842e+001
1.290773e+000 1.988637e+001 -4.854287e+001
1.286457e+000 2.013539e+001 -4.896087e+001
1.285792e+000 2.029596e+001 -4.959838e+001
1.197746e+000 2.048886e+001 -5.022067e+001
1.024552e+000 2.078255e+001 -5.078280e+001
