[individuals]
1
[dimensions]
3
[landmarks]
48
[rawpoints]
'#1
-2.111101e+000 -7.161045e+000 -2.671360e+000
-2.431849e+000 -6.447738e+000 -2.537671e+000
3.680869e+000 -6.268034e+000 -5.633194e-001
3.729694e+000 -6.206552e+000 -4.649288e+000
5.142085e+000 -7.221741e+000 -2.577192e+000
-2.570076e-002 -7.154019e+000 -1.726568e+000
-1.932327e-001 -7.199814e+000 -3.246107e+000
1.376952e+000 -7.400472e+000 -8.569931e-001
5.110550e-001 -6.552724e+000 -1.384069e+000
4.539917e-001 -6.526196e+000 -3.758996e+000
1.386893e+000 -7.420857e+000 -4.341665e+000
-3.138710e-001 -7.166776e+000 -1.962409e+000
-3.403269e-001 -7.180559e+000 -3.138875e+000
4.812245e+000 -7.158556e+000 -1.154390e+000
4.892253e+000 -7.100139e+000 -4.145867e+000
5.184474e+000 -8.056590e+000 -1.443375e+000
5.229836e+000 -8.121323e+000 -4.001727e+000
5.710819e+000 -6.394245e+000 -2.700544e+000
5.472232e+000 -6.742238e+000 -2.209231e+000
5.420433e+000 -6.753299e+000 -3.217412e+000
7.164107e-001 -5.082751e+000 -2.561450e+000
1.357586e+000 -4.925324e+000 -2.588785e+000
1.971343e+000 -4.681168e+000 -2.608009e+000
2.613622e+000 -4.526103e+000 -2.602377e+000
3.271638e+000 -4.467509e+000 -2.586806e+000
3.932126e+000 -4.462653e+000 -2.569736e+000
4.548762e+000 -4.700078e+000 -2.581110e+000
5.180037e+000 -4.892560e+000 -2.613347e+000
-3.367096e-001 -7.413779e+000 -1.976536e+000
-2.733530e-001 -7.429564e+000 -1.942845e+000
-2.048891e-001 -7.444861e+000 -1.921005e+000
-1.348719e-001 -7.452182e+000 -1.899972e+000
1.160232e-001 -7.337831e+000 -1.797403e+000
3.963736e-001 -7.328011e+000 -1.708811e+000
6.794826e-001 -7.394076e+000 -1.663782e+000
1.030638e+000 -7.498942e+000 -1.643264e+000
1.395395e+000 -7.536009e+000 -1.625897e+000
1.742708e+000 -7.653463e+000 -1.643618e+000
-3.312482e-001 -7.401193e+000 -3.196086e+000
-2.897436e-001 -7.428755e+000 -3.216943e+000
-2.374402e-001 -7.418578e+000 -3.225786e+000
-1.916123e-001 -7.390100e+000 -3.228287e+000
7.711491e-002 -7.307275e+000 -3.304669e+000
3.587145e-001 -7.290766e+000 -3.377747e+000
6.434503e-001 -7.331717e+000 -3.424256e+000
9.743778e-001 -7.439008e+000 -3.454039e+000
1.312087e+000 -7.516445e+000 -3.497304e+000
1.640545e+000 -7.632472e+000 -3.520995e+000
