[individuals]
1
[dimensions]
3
[landmarks]
48
[rawpoints]
'#1
2.589730e+003 2.677586e+003 8.058606e+003
1.771981e+003 2.593889e+003 7.590186e+003
2.341242e+003 4.741917e+003 2.642586e+003
2.878170e+003 7.864039e+002 2.655679e+003
3.625671e+003 2.921542e+003 1.245789e+003
2.750540e+003 3.650010e+003 5.456926e+003
2.968602e+003 1.921357e+003 5.493706e+003
3.142797e+003 4.367513e+003 4.348926e+003
2.157909e+003 3.727148e+003 5.330256e+003
2.502568e+003 1.650204e+003 5.271709e+003
3.536760e+003 1.368605e+003 4.341449e+003
2.662340e+003 3.459394e+003 5.686691e+003
2.856219e+003 2.101946e+003 5.706127e+003
3.201570e+003 4.410700e+003 1.309334e+003
3.654920e+003 1.388247e+003 1.300567e+003
4.009272e+003 4.132256e+003 1.282462e+003
4.328810e+003 1.921970e+003 1.401915e+003
2.991953e+003 2.827640e+003 3.814212e+002
3.238260e+003 3.449527e+003 7.099149e+002
3.363876e+003 2.347740e+003 7.136546e+002
1.065091e+003 2.595672e+003 5.133580e+003
9.542132e+002 2.594947e+003 4.430453e+003
7.227402e+002 2.585069e+003 3.757370e+003
5.920553e+002 2.567559e+003 3.057855e+003
6.226277e+002 2.549513e+003 2.346912e+003
8.229209e+002 2.539067e+003 1.663870e+003
1.251991e+003 2.569685e+003 1.096682e+003
1.574960e+003 2.595340e+003 4.628760e+002
2.892031e+003 3.508422e+003 5.698705e+003
2.897048e+003 3.545219e+003 5.646414e+003
2.919585e+003 3.561655e+003 5.588655e+003
2.960191e+003 3.574350e+003 5.540662e+003
3.032186e+003 3.617907e+003 5.289274e+003
3.104390e+003 3.651779e+003 5.036460e+003
3.151475e+003 3.673857e+003 4.776524e+003
2.900122e+003 3.807004e+003 4.523087e+003
3.147614e+003 3.737082e+003 4.203205e+003
3.264397e+003 3.628243e+003 3.838414e+003
3.083695e+003 2.130716e+003 5.757241e+003
3.098520e+003 2.083141e+003 5.701460e+003
3.121662e+003 2.068830e+003 5.631792e+003
3.175523e+003 2.068284e+003 5.579896e+003
3.208073e+003 2.046785e+003 5.401579e+003
3.251675e+003 2.037751e+003 5.224549e+003
3.280101e+003 2.033426e+003 5.044292e+003
3.298320e+003 2.029999e+003 4.755809e+003
3.410124e+003 2.049801e+003 4.445392e+003
3.476529e+003 2.068811e+003 4.143944e+003
