[individuals]
1
[dimensions]
3
[landmarks]
48
[rawpoints]
'#1
5.507903e+000 -7.549209e+000 -3.896325e+000
5.394267e+000 -6.786816e+000 -3.865903e+000
6.248927e-001 -6.482702e+000 -7.048867e+000
-1.172047e-001 -6.736590e+000 -3.135956e+000
-5.979007e-001 -7.617281e+000 -5.403572e+000
3.587222e+000 -7.056917e+000 -5.263772e+000
3.253481e+000 -7.254832e+000 -3.582462e+000
2.694555e+000 -7.129555e+000 -6.039100e+000
3.608801e+000 -6.548780e+000 -5.237854e+000
3.238753e+000 -6.633770e+000 -3.508109e+000
2.042062e+000 -7.307536e+000 -3.218631e+000
4.036624e+000 -7.071618e+000 -4.904208e+000
3.767722e+000 -7.199244e+000 -3.670699e+000
-2.284805e-001 -7.577815e+000 -6.724734e+000
-8.398390e-001 -7.659193e+000 -3.982004e+000
-3.929100e-001 -8.135297e+000 -6.347239e+000
-8.963764e-001 -7.966821e+000 -4.438554e+000
-1.261848e+000 -7.080895e+000 -5.479579e+000
-9.270020e-001 -7.298196e+000 -5.899949e+000
-1.086670e+000 -7.331255e+000 -4.958725e+000
2.953669e+000 -5.576983e+000 -4.353687e+000
2.318464e+000 -5.376550e+000 -4.498159e+000
1.682806e+000 -5.180252e+000 -4.646272e+000
1.046304e+000 -4.980798e+000 -4.786279e+000
3.859486e-001 -4.929752e+000 -4.947218e+000
-2.441294e-001 -5.098505e+000 -5.144681e+000
-7.583748e-001 -5.515440e+000 -5.306653e+000
-1.270897e+000 -5.937407e+000 -5.460912e+000
4.027311e+000 -7.248769e+000 -4.908507e+000
3.924478e+000 -7.281187e+000 -5.013703e+000
3.796230e+000 -7.280816e+000 -5.092725e+000
3.657762e+000 -7.265176e+000 -5.149947e+000
3.427680e+000 -7.193461e+000 -5.244379e+000
3.198101e+000 -7.264006e+000 -5.340888e+000
2.951277e+000 -7.293268e+000 -5.413139e+000
2.633640e+000 -7.313681e+000 -5.506009e+000
2.310166e+000 -7.350211e+000 -5.568947e+000
1.992455e+000 -7.442082e+000 -5.592527e+000
3.714843e+000 -7.433127e+000 -3.625205e+000
3.621253e+000 -7.465997e+000 -3.584778e+000
3.499034e+000 -7.468183e+000 -3.586057e+000
3.377122e+000 -7.459550e+000 -3.601684e+000
3.126600e+000 -7.329725e+000 -3.578632e+000
2.858788e+000 -7.330542e+000 -3.670390e+000
2.592473e+000 -7.358865e+000 -3.762154e+000
2.273726e+000 -7.407954e+000 -3.832518e+000
1.952855e+000 -7.452201e+000 -3.896107e+000
1.654658e+000 -7.577188e+000 -3.962576e+000
