[individuals]
1
[dimensions]
3
[landmarks]
48
[rawpoints]
'#1
-5.781252e-001 3.471749e-001 5.489825e+000
-4.277381e-001 -8.988463e-001 5.107448e+000
-2.661774e+000 -2.108651e-001 -3.262974e+000
2.737830e+000 7.779589e-002 -2.940584e+000
8.012624e-002 1.540900e+000 -4.533583e+000
-1.399829e+000 9.698677e-002 2.127497e+000
8.378952e-001 3.022431e-001 2.176833e+000
-2.490478e+000 4.622700e-001 2.910847e-001
-1.529940e+000 -6.663032e-001 1.398936e+000
1.164668e+000 -4.922722e-001 1.561378e+000
2.010098e+000 7.718803e-001 5.220430e-001
-1.208135e+000 2.903810e-002 2.755005e+000
6.116135e-001 1.662018e-001 2.768301e+000
-2.014100e+000 1.226721e+000 -4.071563e+000
2.083459e+000 1.441742e+000 -3.893253e+000
-1.649940e+000 2.336930e+000 -4.405374e+000
1.576178e+000 2.538821e+000 -4.139260e+000
1.188311e-001 5.331944e-001 -5.545404e+000
-5.659744e-001 1.063428e+000 -5.075719e+000
8.307880e-001 9.558651e-001 -5.074681e+000
-3.826313e-002 -2.032647e+000 4.250626e-001
1.872897e-002 -2.092730e+000 -5.403835e-001
7.924300e-002 -2.356907e+000 -1.470683e+000
1.312780e-001 -2.407512e+000 -2.437050e+000
1.671413e-001 -2.228733e+000 -3.388802e+000
1.881008e-001 -1.795542e+000 -4.255304e+000
2.123525e-001 -1.154324e+000 -4.981476e+000
2.459868e-001 -6.348829e-001 -5.798746e+000
-1.254329e+000 3.959942e-001 2.716300e+000
-1.279907e+000 3.956750e-001 2.560455e+000
-1.306242e+000 4.104093e-001 2.405435e+000
-1.321665e+000 4.274612e-001 2.249187e+000
-1.452588e+000 3.465503e-001 1.900818e+000
-1.542893e+000 2.851306e-001 1.535952e+000
-1.540704e+000 4.021618e-001 1.173532e+000
-1.522850e+000 4.842841e-001 6.663396e-001
-1.437730e+000 6.730829e-001 1.957991e-001
-1.340327e+000 9.487947e-001 -2.270520e-001
6.185663e-001 5.021610e-001 2.698873e+000
3.793494e-001 1.636753e-001 2.693280e+000
5.319244e-001 3.923030e-001 2.468675e+000
8.150786e-001 5.875145e-001 2.291623e+000
8.688319e-001 5.321971e-001 1.896776e+000
9.988357e-001 3.928851e-001 1.542462e+000
1.090453e+000 5.740803e-001 1.195146e+000
1.101931e+000 6.864023e-001 7.458593e-001
1.070482e+000 8.305328e-001 3.067374e-001
1.004140e+000 1.044822e+000 -9.857645e-002
