[individuals]
1
[dimensions]
3
[landmarks]
48
[rawpoints]
'#1
2.429665e+000 4.398300e-001 -4.091006e+000
1.160614e+000 2.730423e-001 -4.038871e+000
1.761505e+000 -7.797147e+000 -6.513697e+000
2.173154e+000 -7.433269e+000 -1.261720e+000
3.381370e+000 -9.277959e+000 -3.988536e+000
2.219389e+000 -2.906512e+000 -5.163877e+000
2.344929e+000 -2.879505e+000 -2.930760e+000
2.549651e+000 -4.471791e+000 -6.098770e+000
1.315119e+000 -3.611436e+000 -5.276022e+000
1.602951e+000 -3.488631e+000 -2.722115e+000
2.898868e+000 -4.443790e+000 -2.026077e+000
2.242703e+000 -2.246606e+000 -4.977486e+000
2.334726e+000 -2.262309e+000 -3.173501e+000
3.197223e+000 -8.988663e+000 -6.142429e+000
3.552983e+000 -8.882299e+000 -1.995024e+000
3.945154e+000 -9.198755e+000 -5.688048e+000
4.208781e+000 -9.118338e+000 -2.510750e+000
2.598706e+000 -1.009696e+001 -4.072802e+000
2.907676e+000 -9.812576e+000 -4.718112e+000
3.048893e+000 -9.775370e+000 -3.305163e+000
1.656494e-001 -4.416764e+000 -3.874215e+000
2.829556e-002 -5.314560e+000 -3.760080e+000
-2.050134e-001 -6.190068e+000 -3.629520e+000
-2.942507e-001 -7.099317e+000 -3.573662e+000
-2.194881e-001 -8.011447e+000 -3.592033e+000
1.127112e-001 -8.859465e+000 -3.683800e+000
6.522699e-001 -9.589861e+000 -3.799175e+000
1.102953e+000 -1.038120e+001 -3.891793e+000
2.488209e+000 -2.350252e+000 -5.073035e+000
2.447035e+000 -2.505172e+000 -5.109057e+000
2.437492e+000 -2.668384e+000 -5.125384e+000
2.430094e+000 -2.832271e+000 -5.134418e+000
2.330831e+000 -3.196422e+000 -5.170820e+000
2.353542e+000 -3.571753e+000 -5.219766e+000
2.468490e+000 -3.932933e+000 -5.230792e+000
2.573612e+000 -4.356460e+000 -5.251679e+000
2.721718e+000 -4.767437e+000 -5.258933e+000
2.936363e+000 -5.147935e+000 -5.255511e+000
2.683419e+000 -2.319978e+000 -3.183048e+000
2.656282e+000 -2.421838e+000 -3.098330e+000
2.649024e+000 -2.576988e+000 -3.069482e+000
2.646879e+000 -2.735738e+000 -3.055487e+000
2.586995e+000 -3.100581e+000 -2.984456e+000
2.568449e+000 -3.475482e+000 -2.955403e+000
2.635596e+000 -3.845691e+000 -2.968575e+000
2.772290e+000 -4.298580e+000 -2.962306e+000
2.933828e+000 -4.743063e+000 -2.948037e+000
3.139432e+000 -5.169157e+000 -2.946087e+000
