[individuals]
1
[dimensions]
3
[landmarks]
48
[rawpoints]
'#1
-6.703726e-001 -7.233199e+000 -3.298615e-001
-3.881569e-001 -5.859546e+000 -6.049347e-001
5.675272e+000 -6.308908e+000 -5.671537e+000
1.267994e+000 -6.348577e+000 -8.320013e+000
4.161940e+000 -7.685068e+000 -8.046518e+000
1.719136e+000 -6.855838e+000 -2.016859e+000
-1.647758e-002 -6.939404e+000 -3.220242e+000
3.687359e+000 -7.342503e+000 -3.204764e+000
2.332413e+000 -6.092956e+000 -2.658341e+000
1.258667e-001 -6.214755e+000 -3.968702e+000
-1.964340e-002 -7.309659e+000 -5.400988e+000
1.379341e+000 -6.818428e+000 -1.678872e+000
-2.159214e-001 -7.002130e+000 -2.704960e+000
5.810822e+000 -7.155726e+000 -7.177568e+000
2.581965e+000 -7.174043e+000 -9.139503e+000
5.453053e+000 -8.149084e+000 -7.264446e+000
2.957462e+000 -8.402300e+000 -8.808436e+000
4.648325e+000 -6.845541e+000 -8.835722e+000
4.880668e+000 -7.256666e+000 -8.240561e+000
3.911029e+000 -7.224234e+000 -8.801820e+000
1.430632e+000 -4.644557e+000 -3.745209e+000
1.909047e+000 -4.507211e+000 -4.532948e+000
2.385033e+000 -4.317378e+000 -5.311199e+000
2.864398e+000 -4.140310e+000 -6.090386e+000
3.353987e+000 -4.158134e+000 -6.883016e+000
3.815547e+000 -4.523664e+000 -7.605248e+000
4.195664e+000 -5.098782e+000 -8.232148e+000
4.654476e+000 -5.482006e+000 -8.946901e+000
1.367004e+000 -7.196854e+000 -1.664544e+000
1.323803e+000 -7.089986e+000 -1.792137e+000
1.404284e+000 -7.222093e+000 -1.871048e+000
1.515020e+000 -7.232131e+000 -2.004741e+000
1.775765e+000 -7.131459e+000 -2.296565e+000
2.046926e+000 -7.039574e+000 -2.581722e+000
2.309470e+000 -7.023240e+000 -2.888443e+000
2.534654e+000 -7.221457e+000 -3.242522e+000
2.783032e+000 -7.388679e+000 -3.597077e+000
3.006117e+000 -7.560652e+000 -3.965885e+000
-1.099039e-001 -7.292521e+000 -2.742772e+000
-2.710924e-002 -7.204188e+000 -2.823754e+000
1.222721e-002 -7.176760e+000 -2.961296e+000
5.573530e-002 -7.218228e+000 -3.093982e+000
1.263717e-001 -7.125411e+000 -3.432494e+000
2.207998e-001 -7.104987e+000 -3.777269e+000
3.273246e-001 -7.101359e+000 -4.119069e+000
5.475570e-001 -7.244241e+000 -4.496356e+000
7.665359e-001 -7.410371e+000 -4.864748e+000
1.005341e+000 -7.590363e+000 -5.213799e+000
