[individuals]
1
[dimensions]
3
[landmarks]
48
[rawpoints]
'#1
-3.033882e-001 1.958276e+001 -5.082906e+001
-3.332698e-001 1.853586e+001 -5.110287e+001
-2.298129e+000 1.904336e+001 -5.894666e+001
2.684081e+000 1.875964e+001 -5.873193e+001
3.273802e-001 2.026560e+001 -6.001871e+001
-1.106758e+000 1.930537e+001 -5.438572e+001
9.922005e-001 1.912020e+001 -5.429598e+001
-1.854258e+000 1.964165e+001 -5.597129e+001
-1.234243e+000 1.862083e+001 -5.453833e+001
1.012666e+000 1.851701e+001 -5.438246e+001
1.957311e+000 1.935150e+001 -5.573861e+001
-9.729756e-001 1.926616e+001 -5.385460e+001
7.691845e-001 1.914012e+001 -5.378420e+001
-1.508220e+000 2.014897e+001 -6.009296e+001
2.234353e+000 1.995933e+001 -5.988560e+001
-9.666902e-001 2.105366e+001 -6.005885e+001
1.808742e+000 2.088838e+001 -5.985916e+001
3.724363e-001 1.955230e+001 -6.103155e+001
-1.906666e-001 1.989773e+001 -6.065307e+001
9.987453e-001 1.988317e+001 -6.054943e+001
-1.322564e-001 1.725387e+001 -5.518349e+001
-4.832472e-002 1.705097e+001 -5.612098e+001
4.712356e-002 1.672765e+001 -5.702288e+001
1.484519e-001 1.658993e+001 -5.797041e+001
2.342896e-001 1.664237e+001 -5.892799e+001
3.052184e-001 1.702877e+001 -5.980693e+001
3.427164e-001 1.768911e+001 -6.050667e+001
3.599325e-001 1.820642e+001 -6.131856e+001
-9.797478e-001 1.956076e+001 -5.384388e+001
-9.719507e-001 1.957370e+001 -5.399778e+001
-1.003931e+000 1.960768e+001 -5.414521e+001
-1.024442e+000 1.964170e+001 -5.429465e+001
-1.088794e+000 1.957333e+001 -5.463383e+001
-1.130714e+000 1.964883e+001 -5.497500e+001
-1.118292e+000 1.973140e+001 -5.531687e+001
-1.116180e+000 1.974014e+001 -5.576025e+001
-1.033338e+000 1.972952e+001 -5.619704e+001
-9.330743e-001 1.991098e+001 -5.658870e+001
8.183830e-001 1.946027e+001 -5.374552e+001
4.110341e-001 1.916455e+001 -5.373704e+001
6.589542e-001 1.912511e+001 -5.407164e+001
9.545323e-001 1.951493e+001 -5.417802e+001
5.512465e-001 1.906705e+001 -5.425775e+001
8.134109e-001 1.938708e+001 -5.469573e+001
1.122751e+000 1.954367e+001 -5.519364e+001
1.147105e+000 1.959778e+001 -5.562510e+001
1.145694e+000 1.958805e+001 -5.606052e+001
1.148151e+000 1.975650e+001 -5.646213e+001
