[individuals]
1
[dimensions]
3
[landmarks]
48
[rawpoints]
'#1
-2.847206e+000 -8.421482e+000 -4.338958e+000
-2.690799e+000 -7.423111e+000 -4.471442e+000
4.678002e+000 -6.700495e+000 -2.798255e+000
4.094087e+000 -6.938183e+000 -7.633121e+000
5.670785e+000 -8.029913e+000 -5.217062e+000
2.225445e-001 -7.912374e+000 -3.741600e+000
2.344550e-002 -7.918895e+000 -5.671737e+000
2.063096e+000 -7.731440e+000 -3.131338e+000
3.542187e-001 -7.230382e+000 -3.685015e+000
2.077871e-001 -7.243980e+000 -5.840845e+000
1.504289e+000 -7.868733e+000 -6.626548e+000
-3.348362e-001 -7.917403e+000 -3.858616e+000
-4.949554e-001 -7.803348e+000 -5.505139e+000
5.848216e+000 -7.955835e+000 -3.470205e+000
5.426014e+000 -8.026337e+000 -7.206455e+000
5.974627e+000 -8.768232e+000 -3.826337e+000
5.605849e+000 -8.928199e+000 -6.735316e+000
6.418180e+000 -7.269475e+000 -5.399010e+000
6.212878e+000 -7.652509e+000 -4.782444e+000
5.991675e+000 -7.659316e+000 -6.004539e+000
8.481394e-001 -5.722507e+000 -4.844634e+000
1.677973e+000 -5.459769e+000 -4.939207e+000
2.428088e+000 -5.016634e+000 -5.026409e+000
3.248334e+000 -4.729367e+000 -5.132431e+000
4.115003e+000 -4.706225e+000 -5.254711e+000
4.954555e+000 -4.923144e+000 -5.375998e+000
5.674178e+000 -5.414007e+000 -5.464249e+000
6.423082e+000 -5.857522e+000 -5.559295e+000
-2.768124e-001 -8.139784e+000 -3.830673e+000
-1.152181e-001 -8.111794e+000 -3.840256e+000
4.769224e-002 -8.130801e+000 -3.849693e+000
2.057534e-001 -8.090952e+000 -3.829289e+000
5.304928e-001 -8.039759e+000 -3.769612e+000
8.629576e-001 -8.071303e+000 -3.758812e+000
1.194923e+000 -8.103350e+000 -3.779239e+000
1.662464e+000 -8.067142e+000 -3.813827e+000
2.125030e+000 -8.061282e+000 -3.897895e+000
2.576312e+000 -8.115980e+000 -4.018104e+000
-3.880011e-001 -8.108217e+000 -5.321790e+000
-2.748396e-001 -8.150455e+000 -5.412788e+000
-1.317203e-001 -8.169199e+000 -5.457920e+000
4.684800e-003 -8.150348e+000 -5.520445e+000
3.132451e-001 -8.068414e+000 -5.684538e+000
6.604770e-001 -8.089051e+000 -5.773084e+000
1.013826e+000 -8.134585e+000 -5.816800e+000
1.457307e+000 -8.139461e+000 -5.865478e+000
1.901594e+000 -8.118349e+000 -5.900717e+000
2.341259e+000 -8.182894e+000 -5.860831e+000
