[individuals]
1
[dimensions]
3
[landmarks]
48
[rawpoints]
'#1
3.268892e-001 1.986094e+001 -2.997245e+001
4.775639e-002 1.874248e+001 -3.043990e+001
-2.627230e+000 2.012597e+001 -3.804525e+001
2.568089e+000 1.918244e+001 -3.835434e+001
1.932122e-001 2.119415e+001 -3.940942e+001
-9.704142e-001 1.997299e+001 -3.350401e+001
1.376951e+000 1.959954e+001 -3.369904e+001
-1.863616e+000 2.050035e+001 -3.475858e+001
-1.159109e+000 1.947258e+001 -3.355948e+001
1.375804e+000 1.905859e+001 -3.368426e+001
2.244307e+000 1.976915e+001 -3.498106e+001
-6.656288e-001 1.978740e+001 -3.295920e+001
1.060626e+000 1.944501e+001 -3.303953e+001
-1.851157e+000 2.130092e+001 -3.918475e+001
2.097224e+000 2.055243e+001 -3.940689e+001
-1.220231e+000 2.201010e+001 -3.920858e+001
1.804433e+000 2.148713e+001 -3.924554e+001
1.966884e-002 2.046206e+001 -4.041086e+001
-5.815306e-001 2.086213e+001 -4.000070e+001
7.416733e-001 2.063934e+001 -3.999197e+001
-2.651072e-001 1.753020e+001 -3.467813e+001
-3.457421e-001 1.738117e+001 -3.562024e+001
-4.378310e-001 1.713272e+001 -3.654016e+001
-4.717094e-001 1.709708e+001 -3.749617e+001
-4.710191e-001 1.727266e+001 -3.843720e+001
-4.386225e-001 1.763166e+001 -3.932395e+001
-3.376883e-001 1.832189e+001 -3.997951e+001
-3.095058e-001 1.881991e+001 -4.079651e+001
-6.506504e-001 2.017580e+001 -3.291185e+001
-7.433125e-001 2.018891e+001 -3.307775e+001
-7.973703e-001 2.024602e+001 -3.325124e+001
-8.388603e-001 2.028750e+001 -3.343246e+001
-9.359761e-001 2.026473e+001 -3.379809e+001
-1.010649e+000 2.035608e+001 -3.415826e+001
-1.020935e+000 2.048145e+001 -3.451579e+001
-1.044279e+000 2.054220e+001 -3.498854e+001
-1.023906e+000 2.061213e+001 -3.546016e+001
-9.186416e-001 2.077986e+001 -3.589435e+001
1.177997e+000 1.991484e+001 -3.304723e+001
1.226419e+000 1.989899e+001 -3.318507e+001
1.265230e+000 1.991335e+001 -3.332607e+001
1.285652e+000 1.997110e+001 -3.345964e+001
1.336200e+000 1.986684e+001 -3.379930e+001
1.379614e+000 1.991780e+001 -3.415189e+001
1.405528e+000 1.999457e+001 -3.450150e+001
1.366949e+000 2.018543e+001 -3.500294e+001
1.365441e+000 2.021954e+001 -3.553976e+001
1.327728e+000 2.042225e+001 -3.603662e+001
