[individuals]
1
[dimensions]
3
[landmarks]
48
[rawpoints]
'#1
-1.890175e-001 -7.142366e+000 -7.394387e-001
-9.500851e-002 -5.615295e+000 -8.039659e-001
6.362167e+000 -4.633247e+000 -7.291329e+000
1.240015e+000 -4.848189e+000 -9.539805e+000
4.798257e+000 -6.025233e+000 -9.976442e+000
2.644513e+000 -6.329200e+000 -3.301962e+000
5.415572e-001 -6.347673e+000 -4.364141e+000
4.407720e+000 -6.272739e+000 -4.475947e+000
2.946690e+000 -5.279071e+000 -3.508310e+000
4.840015e-001 -5.529769e+000 -4.779683e+000
5.989363e-001 -6.428167e+000 -6.491727e+000
2.079685e+000 -6.262768e+000 -2.850829e+000
4.465624e-001 -6.299099e+000 -3.679428e+000
6.348709e+000 -6.202966e+000 -8.922276e+000
3.034768e+000 -6.196172e+000 -1.078708e+001
6.150781e+000 -7.017972e+000 -9.352174e+000
3.557971e+000 -7.209615e+000 -1.057541e+001
5.158341e+000 -5.067210e+000 -1.073805e+001
5.636567e+000 -5.469157e+000 -1.004066e+001
4.416383e+000 -5.560568e+000 -1.076055e+001
2.047089e+000 -3.573942e+000 -4.919752e+000
2.449305e+000 -3.335021e+000 -5.767123e+000
2.813250e+000 -2.922825e+000 -6.563713e+000
3.251090e+000 -2.693564e+000 -7.395992e+000
3.719890e+000 -2.577221e+000 -8.234858e+000
4.215352e+000 -2.725657e+000 -9.052950e+000
4.646984e+000 -3.113741e+000 -9.827543e+000
5.062327e+000 -3.476939e+000 -1.062284e+001
2.139261e+000 -6.657750e+000 -2.856117e+000
2.278465e+000 -6.660405e+000 -2.991594e+000
2.393060e+000 -6.623910e+000 -3.144156e+000
2.505655e+000 -6.589995e+000 -3.298787e+000
2.835298e+000 -6.443191e+000 -3.642120e+000
3.140141e+000 -6.484001e+000 -4.033897e+000
3.405777e+000 -6.549350e+000 -4.450140e+000
3.602603e+000 -6.620631e+000 -4.794105e+000
3.787139e+000 -6.599196e+000 -5.151360e+000
3.931315e+000 -6.620154e+000 -5.526734e+000
4.281394e-001 -6.651629e+000 -3.707626e+000
4.187535e-001 -6.670111e+000 -3.891946e+000
4.628154e-001 -6.664916e+000 -4.067575e+000
5.280732e-001 -6.655713e+000 -4.245588e+000
6.326914e-001 -6.554800e+000 -4.624286e+000
7.991428e-001 -6.536072e+000 -4.993728e+000
9.997458e-001 -6.576300e+000 -5.343971e+000
1.228750e+000 -6.586051e+000 -5.801634e+000
1.471660e+000 -6.649983e+000 -6.247676e+000
1.725348e+000 -6.705942e+000 -6.688601e+000
