[individuals]
1
[dimensions]
3
[landmarks]
48
[rawpoints]
'#1
-3.017700e+000 -7.366566e+000 -2.759436e+000
-2.851062e+000 -6.313090e+000 -2.726213e+000
3.961912e+000 -5.739761e+000 7.233032e-001
4.538911e+000 -5.490655e+000 -4.480304e+000
5.455459e+000 -6.793500e+000 -1.750285e+000
-1.243544e-001 -6.772463e+000 -1.355841e+000
-3.634949e-002 -6.816917e+000 -3.342658e+000
1.373408e+000 -7.054025e+000 -2.710648e-001
2.771278e-001 -6.001315e+000 -1.211725e+000
3.237820e-001 -5.930779e+000 -3.423793e+000
1.796423e+000 -6.935981e+000 -4.119182e+000
-5.997744e-001 -6.818917e+000 -1.635996e+000
-4.860085e-001 -6.798997e+000 -3.175397e+000
5.389509e+000 -6.684330e+000 7.530222e-002
5.630618e+000 -6.641563e+000 -3.626996e+000
5.139068e+000 -7.760608e+000 -4.133375e-001
5.504409e+000 -7.710622e+000 -3.168418e+000
6.421553e+000 -6.158957e+000 -1.651537e+000
5.915701e+000 -6.585515e+000 -1.054330e+000
6.068163e+000 -6.486612e+000 -2.371747e+000
4.384146e-001 -4.741709e+000 -2.245245e+000
1.364148e+000 -4.436805e+000 -2.129893e+000
2.229182e+000 -3.983039e+000 -2.034650e+000
3.129516e+000 -3.603648e+000 -1.940253e+000
4.098815e+000 -3.481986e+000 -1.845690e+000
5.053709e+000 -3.688282e+000 -1.750528e+000
5.865788e+000 -4.231287e+000 -1.655659e+000
6.673776e+000 -4.772975e+000 -1.525312e+000
-5.865582e-001 -7.143573e+000 -1.598177e+000
-4.664128e-001 -7.154778e+000 -1.578050e+000
-3.521082e-001 -7.142874e+000 -1.536106e+000
-2.385378e-001 -7.142511e+000 -1.490632e+000
8.478250e-002 -6.973545e+000 -1.364009e+000
4.478180e-001 -7.016492e+000 -1.239642e+000
8.240698e-001 -7.049847e+000 -1.159431e+000
1.270978e+000 -7.007533e+000 -1.079375e+000
1.726020e+000 -7.022632e+000 -1.053994e+000
2.156154e+000 -7.173759e+000 -1.062417e+000
-4.382094e-001 -7.060199e+000 -3.230636e+000
-2.890858e-001 -7.080042e+000 -3.269297e+000
-1.365490e-001 -7.064365e+000 -3.285814e+000
1.921082e-002 -7.051414e+000 -3.292146e+000
3.278414e-001 -6.924521e+000 -3.371488e+000
6.692537e-001 -6.926517e+000 -3.338636e+000
1.010004e+000 -6.954645e+000 -3.311319e+000
1.481681e+000 -6.935043e+000 -3.301056e+000
1.952218e+000 -6.965171e+000 -3.273706e+000
2.392781e+000 -7.125151e+000 -3.216884e+000
