[individuals]
1
[dimensions]
3
[landmarks]
48
[rawpoints]
'#1
1.944548e+003 1.952135e+003 8.253972e+003
2.530990e+003 2.015975e+003 8.564003e+003
2.019336e+003 3.689566e+002 2.335348e+003
1.939630e+003 4.044623e+003 2.585352e+003
1.327415e+003 2.160945e+003 1.377900e+003
1.945553e+003 1.122945e+003 5.324038e+003
1.853338e+003 3.062735e+003 5.408912e+003
2.147067e+003 8.291742e+002 4.675708e+003
2.395489e+003 1.085186e+003 5.421343e+003
2.173789e+003 3.136831e+003 5.436523e+003
2.019961e+003 3.402992e+003 4.775147e+003
2.054810e+003 1.306506e+003 5.991176e+003
1.984700e+003 2.856540e+003 6.063078e+003
1.426286e+003 8.273021e+002 1.405046e+003
1.250208e+003 3.568343e+003 1.474441e+003
1.094084e+003 1.245125e+003 1.319947e+003
1.017665e+003 3.122460e+003 1.358239e+003
1.730027e+003 2.231184e+003 5.780179e+002
1.522414e+003 1.704998e+003 8.289909e+002
1.429950e+003 2.709474e+003 8.877005e+002
3.631762e+003 2.177535e+003 5.303951e+003
3.794548e+003 2.210734e+003 4.584500e+003
3.886570e+003 2.237891e+003 3.852380e+003
3.941413e+003 2.263272e+003 3.116484e+003
3.874042e+003 2.284841e+003 2.381472e+003
3.717150e+003 2.299123e+003 1.660092e+003
3.382577e+003 2.302337e+003 1.001794e+003
2.965923e+003 2.295688e+003 3.922710e+002
1.736885e+003 1.296408e+003 5.857173e+003
1.819518e+003 1.292586e+003 5.715115e+003
1.775234e+003 1.284394e+003 5.557022e+003
1.706022e+003 1.218772e+003 5.423130e+003
1.773780e+003 1.327655e+003 5.175558e+003
1.727789e+003 1.302807e+003 4.901681e+003
1.699297e+003 1.323295e+003 4.625069e+003
1.743940e+003 1.414562e+003 4.446564e+003
1.732941e+003 1.422021e+003 4.066306e+003
1.725877e+003 1.490260e+003 3.781380e+003
1.631628e+003 2.824122e+003 5.897543e+003
1.707318e+003 2.849059e+003 5.750425e+003
1.708135e+003 2.889922e+003 5.588185e+003
1.595848e+003 2.913076e+003 5.466321e+003
1.684574e+003 2.913453e+003 5.208973e+003
1.660984e+003 2.901385e+003 4.938054e+003
1.620871e+003 2.888490e+003 4.669116e+003
1.898962e+003 2.794396e+003 4.446490e+003
1.632913e+003 2.805708e+003 4.184344e+003
1.632005e+003 2.802959e+003 3.813643e+003
