[individuals]
1
[dimensions]
3
[landmarks]
48
[rawpoints]
'#1
-5.068371e-001 2.007670e+001 -2.551354e+001
-3.104963e-001 1.890201e+001 -2.581783e+001
-3.059893e+000 1.865603e+001 -3.367500e+001
1.973248e+000 1.918758e+001 -3.380239e+001
-7.066460e-001 2.036225e+001 -3.571430e+001
-1.580843e+000 1.978261e+001 -2.916072e+001
5.328453e-001 1.997864e+001 -2.918514e+001
-2.630172e+000 2.002068e+001 -3.045200e+001
-1.772162e+000 1.921314e+001 -2.913819e+001
8.347065e-001 1.941700e+001 -2.918140e+001
1.474134e+000 2.036065e+001 -3.063373e+001
-1.349604e+000 1.968106e+001 -2.872100e+001
3.266765e-001 1.985456e+001 -2.872405e+001
-2.841030e+000 1.997710e+001 -3.543835e+001
1.411400e+000 2.043501e+001 -3.553943e+001
-2.450260e+000 2.095717e+001 -3.528119e+001
7.254567e-001 2.131533e+001 -3.560151e+001
-5.971581e-001 1.944812e+001 -3.638522e+001
-1.280785e+000 1.974254e+001 -3.621600e+001
-6.151133e-002 1.994761e+001 -3.629327e+001
-3.047794e-001 1.760194e+001 -2.954644e+001
-2.702453e-001 1.743790e+001 -3.053676e+001
-2.443224e-001 1.723817e+001 -3.152077e+001
-2.364583e-001 1.705856e+001 -3.250895e+001
-2.491162e-001 1.691955e+001 -3.350363e+001
-2.917148e-001 1.698952e+001 -3.450465e+001
-3.803335e-001 1.751662e+001 -3.535500e+001
-4.271252e-001 1.783950e+001 -3.630494e+001
-1.396654e+000 1.999788e+001 -2.870910e+001
-1.453440e+000 2.001884e+001 -2.883429e+001
-1.506968e+000 2.007405e+001 -2.895014e+001
-1.537022e+000 2.008718e+001 -2.908527e+001
-1.647153e+000 2.001081e+001 -2.940543e+001
-1.727686e+000 2.007648e+001 -2.973660e+001
-1.769842e+000 2.016841e+001 -3.006861e+001
-1.821591e+000 2.017376e+001 -3.050095e+001
-1.820024e+000 2.026895e+001 -3.092586e+001
-1.813659e+000 2.032822e+001 -3.135718e+001
3.475432e-001 2.016475e+001 -2.874789e+001
4.026437e-001 2.015082e+001 -2.885948e+001
4.519887e-001 2.020013e+001 -2.896348e+001
4.792046e-001 2.025781e+001 -2.907125e+001
5.371892e-001 2.019231e+001 -2.942115e+001
5.984730e-001 2.027173e+001 -2.976758e+001
5.880520e-001 2.040848e+001 -3.010116e+001
6.187585e-001 2.042165e+001 -3.052514e+001
6.206872e-001 2.038689e+001 -3.094901e+001
5.513369e-001 2.057804e+001 -3.132253e+001
