[individuals]
1
[dimensions]
3
[landmarks]
48
[rawpoints]
'#1
-1.316845e-001 2.020729e+001 -2.865824e+000
-3.253899e-002 1.889927e+001 -3.140177e+000
-2.712048e+000 1.875658e+001 -1.108582e+001
2.516894e+000 1.877147e+001 -1.113618e+001
-2.879352e-002 2.027575e+001 -1.307070e+001
-1.168982e+000 1.993935e+001 -6.501490e+000
1.089793e+000 1.977251e+001 -6.551459e+000
-2.102698e+000 2.024263e+001 -7.897963e+000
-1.428159e+000 1.934846e+001 -6.546736e+000
1.206830e+000 1.909861e+001 -6.505047e+000
1.948072e+000 2.020033e+001 -7.884144e+000
-9.369171e-001 1.977314e+001 -6.096318e+000
8.576935e-001 1.969602e+001 -6.126296e+000
-2.222068e+000 2.055835e+001 -1.267660e+001
2.027261e+000 2.055291e+001 -1.272235e+001
-1.528855e+000 2.143584e+001 -1.238824e+001
1.334902e+000 2.143637e+001 -1.241131e+001
-3.700398e-002 1.942056e+001 -1.379110e+001
-8.065804e-001 1.969931e+001 -1.352417e+001
6.251375e-001 1.986165e+001 -1.362127e+001
-1.654584e-001 1.757869e+001 -7.179047e+000
-1.512284e-001 1.758834e+001 -8.107229e+000
-1.369984e-001 1.759798e+001 -9.035412e+000
-1.227683e-001 1.760763e+001 -9.963594e+000
-1.085383e-001 1.761728e+001 -1.089178e+001
-9.430828e-002 1.762692e+001 -1.181996e+001
-8.007824e-002 1.763657e+001 -1.274814e+001
-6.584822e-002 1.764621e+001 -1.367632e+001
-9.678796e-001 2.011730e+001 -6.126756e+000
-1.042522e+000 2.010173e+001 -6.236630e+000
-1.080783e+000 2.014732e+001 -6.356392e+000
-1.109190e+000 2.017883e+001 -6.483228e+000
-1.173934e+000 2.007092e+001 -6.763065e+000
-1.223999e+000 2.011681e+001 -7.062269e+000
-1.246810e+000 2.017867e+001 -7.361932e+000
-1.280059e+000 2.019736e+001 -7.761704e+000
-1.309408e+000 2.015613e+001 -8.160085e+000
-1.303562e+000 2.028543e+001 -8.540236e+000
8.095760e-001 1.999321e+001 -6.079076e+000
9.276065e-001 1.984339e+001 -6.213538e+000
1.022010e+000 1.989128e+001 -6.421380e+000
9.792802e-001 2.011737e+001 -6.460402e+000
1.044731e+000 2.002067e+001 -6.774722e+000
1.094710e+000 2.008424e+001 -7.100117e+000
1.097687e+000 2.015240e+001 -7.428412e+000
1.134710e+000 2.013518e+001 -7.815027e+000
1.137973e+000 2.013497e+001 -8.204082e+000
1.100609e+000 2.025045e+001 -8.573140e+000
