[individuals]
1
[dimensions]
3
[landmarks]
48
[rawpoints]
'#1
-1.156891e-001 1.946873e+001 -7.276740e+001
-4.729843e-002 1.757744e+001 -7.326423e+001
-3.580392e+000 1.820786e+001 -8.316171e+001
2.585843e+000 1.860595e+001 -8.334281e+001
-6.424638e-001 2.014452e+001 -8.502287e+001
-1.711555e+000 1.945493e+001 -7.729680e+001
1.072741e+000 1.959669e+001 -7.756470e+001
-3.129784e+000 1.989831e+001 -7.956398e+001
-1.819645e+000 1.866257e+001 -7.743913e+001
1.274021e+000 1.854049e+001 -7.709703e+001
2.200483e+000 2.020681e+001 -7.976630e+001
-1.482859e+000 1.947949e+001 -7.665003e+001
8.749378e-001 1.952884e+001 -7.677450e+001
-3.191538e+000 2.010955e+001 -8.503828e+001
1.773690e+000 2.052801e+001 -8.505819e+001
-2.347170e+000 2.140191e+001 -8.481232e+001
1.071976e+000 2.169103e+001 -8.474202e+001
-5.677211e-001 1.890888e+001 -8.605198e+001
-1.447068e+000 1.950370e+001 -8.557777e+001
2.394940e-001 1.964044e+001 -8.554751e+001
-2.153959e-001 1.610658e+001 -7.919380e+001
-2.282852e-001 1.607424e+001 -8.025852e+001
-2.074133e-001 1.587386e+001 -8.130449e+001
-1.960122e-001 1.579770e+001 -8.236694e+001
-2.108781e-001 1.590277e+001 -8.342689e+001
-2.708385e-001 1.625010e+001 -8.443215e+001
-3.968286e-001 1.675975e+001 -8.535900e+001
-4.742891e-001 1.708849e+001 -8.636935e+001
-1.537264e+000 1.987170e+001 -7.681743e+001
-1.602744e+000 1.987163e+001 -7.696145e+001
-1.638731e+000 1.986901e+001 -7.711549e+001
-1.673302e+000 1.987178e+001 -7.726986e+001
-1.796202e+000 1.982313e+001 -7.767734e+001
-1.899862e+000 1.992771e+001 -7.807961e+001
-1.955519e+000 2.005739e+001 -7.848407e+001
-2.028401e+000 2.005965e+001 -7.905493e+001
-2.040724e+000 2.010178e+001 -7.962877e+001
-2.036907e+000 2.034506e+001 -8.015029e+001
9.402178e-001 2.002990e+001 -7.693920e+001
9.300655e-001 2.002983e+001 -7.711168e+001
9.261125e-001 2.001655e+001 -7.728389e+001
9.670290e-001 1.999897e+001 -7.745082e+001
1.073144e+000 1.998869e+001 -7.785596e+001
1.116890e+000 2.010135e+001 -7.825708e+001
1.127987e+000 2.023269e+001 -7.865474e+001
1.132052e+000 2.023677e+001 -7.922273e+001
1.071274e+000 2.026710e+001 -7.978667e+001
1.031606e+000 2.051245e+001 -8.029744e+001
