[individuals]
1
[dimensions]
3
[landmarks]
48
[rawpoints]
'#1
-3.149553e-001 1.984762e+001 -5.110093e+000
1.919410e-001 1.780309e+001 -5.662910e+000
-3.892827e+000 1.787916e+001 -1.580685e+001
2.422504e+000 1.968768e+001 -1.636116e+001
-1.238083e+000 2.061485e+001 -1.809153e+001
-2.050025e+000 1.962884e+001 -9.856721e+000
8.215138e-001 2.032134e+001 -1.010467e+001
-3.394677e+000 1.943414e+001 -1.175475e+001
-2.091233e+000 1.843865e+001 -1.033257e+001
1.297112e+000 1.949887e+001 -1.041173e+001
1.804447e+000 2.076300e+001 -1.211652e+001
-1.698455e+000 1.940474e+001 -9.197443e+000
7.790947e-001 2.023941e+001 -9.438683e+000
-3.660353e+000 2.022598e+001 -1.754746e+001
1.148836e+000 2.147001e+001 -1.788865e+001
-2.993884e+000 2.169837e+001 -1.751945e+001
1.082522e-001 2.275060e+001 -1.762950e+001
-9.997543e-001 1.974245e+001 -1.907815e+001
-1.981530e+000 1.963567e+001 -1.847669e+001
-1.669871e-001 2.018639e+001 -1.872865e+001
2.572352e-001 1.669861e+001 -1.029664e+001
2.631665e-001 1.652491e+001 -1.159848e+001
2.299319e-001 1.642865e+001 -1.290804e+001
2.444546e-001 1.618814e+001 -1.419920e+001
1.887150e-001 1.611379e+001 -1.550936e+001
3.609795e-002 1.629177e+001 -1.680183e+001
-2.521717e-001 1.698528e+001 -1.787923e+001
-4.765367e-001 1.747915e+001 -1.907554e+001
-1.893022e+000 1.989823e+001 -9.207502e+000
-1.954989e+000 1.991965e+001 -9.379484e+000
-1.995821e+000 1.994037e+001 -9.557753e+000
-2.032611e+000 1.996157e+001 -9.736845e+000
-2.124886e+000 1.984534e+001 -1.016315e+001
-2.217090e+000 1.989655e+001 -1.060205e+001
-2.303033e+000 2.005502e+001 -1.101589e+001
-2.406581e+000 2.008084e+001 -1.159206e+001
-2.515733e+000 2.015177e+001 -1.216416e+001
-2.607045e+000 2.033409e+001 -1.271281e+001
5.582849e-001 2.063649e+001 -9.424941e+000
6.226823e-001 2.064097e+001 -9.602848e+000
6.372700e-001 2.068965e+001 -9.785153e+000
6.450790e-001 2.074207e+001 -9.966843e+000
7.078487e-001 2.068807e+001 -1.041531e+001
7.443396e-001 2.082970e+001 -1.084727e+001
7.224539e-001 2.099098e+001 -1.127329e+001
7.282130e-001 2.102664e+001 -1.182912e+001
6.748306e-001 2.113367e+001 -1.237747e+001
5.677643e-001 2.130941e+001 -1.289082e+001
