[individuals]
1
[dimensions]
3
[landmarks]
48
[rawpoints]
'#1
1.610226e-001 1.952749e+001 -1.600927e+001
1.560425e-002 1.755429e+001 -1.637869e+001
-3.417828e+000 1.875418e+001 -2.709849e+001
3.121159e+000 1.841785e+001 -2.721526e+001
-1.401427e-001 2.046176e+001 -2.918004e+001
-1.405853e+000 1.977481e+001 -2.087920e+001
1.575799e+000 1.951952e+001 -2.098212e+001
-2.793448e+000 2.041806e+001 -2.298771e+001
-1.801802e+000 1.885598e+001 -2.125874e+001
1.777022e+000 1.863793e+001 -2.123934e+001
2.846224e+000 2.010045e+001 -2.317813e+001
-1.078161e+000 1.965965e+001 -2.013093e+001
1.294614e+000 1.942598e+001 -2.019619e+001
-2.885428e+000 2.057569e+001 -2.873600e+001
2.557554e+000 2.030222e+001 -2.897683e+001
-2.166510e+000 2.187793e+001 -2.908068e+001
1.797583e+000 2.168109e+001 -2.905228e+001
-1.159199e-001 1.948732e+001 -3.007881e+001
-1.027084e+000 1.976658e+001 -2.966857e+001
6.912467e-001 1.973664e+001 -2.963551e+001
-1.909684e-001 1.619348e+001 -2.221440e+001
-2.436267e-001 1.611160e+001 -2.337984e+001
-2.854208e-001 1.607031e+001 -2.454786e+001
-3.181117e-001 1.601571e+001 -2.571563e+001
-3.417142e-001 1.597229e+001 -2.688399e+001
-3.761514e-001 1.625262e+001 -2.801888e+001
-4.327239e-001 1.678343e+001 -2.905940e+001
-5.140147e-001 1.730719e+001 -3.010186e+001
-9.925327e-001 2.003749e+001 -2.006988e+001
-1.046832e+000 2.006600e+001 -2.028427e+001
-1.092062e+000 2.010356e+001 -2.049937e+001
-1.129492e+000 2.015339e+001 -2.071347e+001
-1.267272e+000 2.013164e+001 -2.114145e+001
-1.344659e+000 2.022850e+001 -2.157418e+001
-1.407389e+000 2.037933e+001 -2.199362e+001
-1.486160e+000 2.050723e+001 -2.256849e+001
-1.541003e+000 2.061741e+001 -2.314978e+001
-1.590547e+000 2.083981e+001 -2.369854e+001
1.326342e+000 1.990369e+001 -2.009540e+001
1.362779e+000 1.994887e+001 -2.032199e+001
1.400268e+000 2.000099e+001 -2.054679e+001
1.436780e+000 2.005189e+001 -2.077226e+001
1.527628e+000 2.004132e+001 -2.123046e+001
1.619782e+000 2.009213e+001 -2.168569e+001
1.650678e+000 2.024888e+001 -2.212477e+001
1.721190e+000 2.034447e+001 -2.266818e+001
1.764606e+000 2.047248e+001 -2.320779e+001
1.799682e+000 2.066314e+001 -2.372916e+001
