[individuals]
1
[dimensions]
3
[landmarks]
48
[rawpoints]
'#1
-3.006488e+000 -7.298002e+000 -4.014670e+000
-2.640710e+000 -5.597570e+000 -3.930293e+000
6.899611e+000 -5.208351e+000 -1.524139e-001
7.261603e+000 -4.993924e+000 -6.540802e+000
9.153776e+000 -6.659276e+000 -3.346118e+000
1.846727e+000 -6.789501e+000 -2.187368e+000
2.051488e+000 -6.719371e+000 -5.195930e+000
3.460281e+000 -7.273782e+000 -9.397444e-001
1.575163e+000 -6.002430e+000 -2.006065e+000
1.707199e+000 -5.894842e+000 -5.331103e+000
3.866350e+000 -7.090611e+000 -6.278173e+000
1.041841e+000 -6.774306e+000 -2.534737e+000
1.138359e+000 -6.705348e+000 -4.886009e+000
8.720658e+000 -6.582788e+000 -7.494340e-001
9.091434e+000 -6.485911e+000 -5.791496e+000
8.937077e+000 -8.072114e+000 -1.499776e+000
9.205594e+000 -7.945632e+000 -5.188141e+000
9.963037e+000 -5.647466e+000 -3.126682e+000
9.505621e+000 -6.099377e+000 -2.384953e+000
9.683550e+000 -6.068452e+000 -4.106308e+000
2.324070e+000 -3.415366e+000 -3.563941e+000
3.441286e+000 -3.193906e+000 -3.570396e+000
4.565129e+000 -3.015758e+000 -3.519596e+000
5.667369e+000 -2.732410e+000 -3.471301e+000
6.776047e+000 -2.490413e+000 -3.373063e+000
7.906648e+000 -2.484383e+000 -3.234483e+000
8.942305e+000 -2.939969e+000 -3.103156e+000
1.001813e+001 -3.309813e+000 -3.047539e+000
1.219019e+000 -7.098718e+000 -2.626588e+000
1.331724e+000 -7.219483e+000 -2.525311e+000
1.511255e+000 -7.252831e+000 -2.460490e+000
1.694291e+000 -7.256443e+000 -2.397003e+000
2.131121e+000 -7.224140e+000 -2.227678e+000
2.593421e+000 -7.229957e+000 -2.145445e+000
3.045551e+000 -7.356154e+000 -2.131571e+000
3.635034e+000 -7.302086e+000 -2.094188e+000
4.227849e+000 -7.305537e+000 -2.114193e+000
4.798022e+000 -7.468359e+000 -2.128611e+000
1.368021e+000 -7.151719e+000 -4.869126e+000
1.543695e+000 -7.185503e+000 -4.963169e+000
1.736240e+000 -7.234308e+000 -5.000447e+000
1.932972e+000 -7.193694e+000 -5.022603e+000
2.374559e+000 -7.096467e+000 -5.083119e+000
2.825767e+000 -7.144704e+000 -5.130239e+000
3.263093e+000 -7.273966e+000 -5.142252e+000
3.840911e+000 -7.170332e+000 -5.140097e+000
4.423947e+000 -7.225524e+000 -5.099537e+000
4.995451e+000 -7.349808e+000 -5.048933e+000
