[individuals]
1
[dimensions]
3
[landmarks]
48
[rawpoints]
'#1
-1.831028e+000 -9.485179e+000 -9.373741e-001
-1.909933e+000 -9.918066e+000 9.800514e-001
4.919576e+000 -1.092710e+001 -6.874443e+000
4.688946e+000 -5.369821e+000 -5.486871e+000
5.337444e+000 -7.550837e+000 -8.461298e+000
2.055438e-001 -1.050852e+001 -3.899484e+000
3.529167e-002 -7.530602e+000 -3.126408e+000
1.317560e+000 -1.084528e+001 -4.903819e+000
1.162260e+000 -1.093514e+001 -3.115636e+000
8.373879e-001 -7.494102e+000 -2.311631e+000
1.104677e+000 -6.712509e+000 -3.890608e+000
-2.157909e-001 -1.052476e+001 -3.160249e+000
-4.762360e-001 -7.795815e+000 -2.398992e+000
5.346162e+000 -9.741263e+000 -8.609358e+000
5.122695e+000 -5.583515e+000 -7.541174e+000
4.955899e+000 -9.464277e+000 -8.779222e+000
4.751023e+000 -5.789483e+000 -7.864601e+000
6.927700e+000 -7.736863e+000 -7.694108e+000
6.128501e+000 -8.155375e+000 -8.702790e+000
6.077162e+000 -6.867373e+000 -8.394976e+000
1.638341e+000 -9.315685e+000 -9.285949e-001
2.678779e+000 -9.156465e+000 -1.638703e+000
3.614444e+000 -8.952154e+000 -2.472300e+000
4.680746e+000 -8.789320e+000 -3.142061e+000
5.639869e+000 -8.578531e+000 -3.946891e+000
6.503320e+000 -8.385164e+000 -4.857493e+000
7.000234e+000 -8.084756e+000 -5.986568e+000
7.670703e+000 -7.853580e+000 -7.039714e+000
-5.048100e-001 -1.046089e+001 -3.767767e+000
-3.582607e-001 -1.036747e+001 -3.761772e+000
-3.061951e-001 -1.031415e+001 -3.918916e+000
-1.956238e-001 -1.028020e+001 -4.048817e+000
1.313480e-001 -1.024662e+001 -4.242640e+000
3.756402e-001 -1.017991e+001 -4.528062e+000
6.126972e-001 -1.008483e+001 -4.811561e+000
9.821050e-001 -1.002284e+001 -5.039243e+000
1.305278e+000 -9.897795e+000 -5.307693e+000
1.611144e+000 -9.777330e+000 -5.597647e+000
-8.000313e-001 -7.745938e+000 -2.913537e+000
-4.787267e-001 -8.002787e+000 -2.796369e+000
-2.182955e-001 -7.958587e+000 -3.116064e+000
-4.281754e-001 -7.685742e+000 -3.380831e+000
-4.807311e-002 -7.678618e+000 -3.564313e+000
2.571023e-001 -7.589390e+000 -3.842011e+000
5.094503e-001 -7.524355e+000 -4.174094e+000
8.838929e-001 -7.432785e+000 -4.405754e+000
1.205449e+000 -7.365708e+000 -4.712934e+000
1.534663e+000 -7.272844e+000 -5.004915e+000
