[individuals]
1
[dimensions]
3
[landmarks]
48
[rawpoints]
'#1
-4.954269e+000 -7.941209e+000 -7.226384e+000
9999 9999 9999
9999 9999 9999
4.764888e+000 -6.165456e+000 -1.137920e+001
7.474795e+000 -7.739641e+000 -8.429461e+000
-2.902013e-001 -7.565941e+000 -6.026051e+000
-5.993488e-001 -7.703694e+000 -9.278313e+000
1.664669e+000 -7.382824e+000 -5.513524e+000
-1.159531e-001 -6.326723e+000 -5.875206e+000
-3.142646e-001 -6.526548e+000 -9.640129e+000
1.184263e+000 -7.515722e+000 -1.008645e+001
-1.373792e+000 -7.424500e+000 -6.274725e+000
-1.540987e+000 -7.558379e+000 -8.947566e+000
7.110230e+000 -7.557349e+000 -6.072239e+000
6.647499e+000 -7.791451e+000 -1.037815e+001
7.707210e+000 -7.659332e+000 -6.748704e+000
7.406760e+000 -7.808943e+000 -9.962510e+000
8.271471e+000 -6.763953e+000 -8.532404e+000
8.311777e+000 -7.356427e+000 -7.701895e+000
8.079920e+000 -7.438358e+000 -9.131927e+000
4.265341e-001 -4.507489e+000 -7.774395e+000
1.440473e+000 -4.226003e+000 -7.993977e+000
2.488581e+000 -4.063603e+000 -8.169292e+000
3.554760e+000 -3.955879e+000 -8.254485e+000
4.626236e+000 -3.945413e+000 -8.339492e+000
5.697764e+000 -3.988814e+000 -8.413572e+000
6.703279e+000 -4.359165e+000 -8.499414e+000
7.759043e+000 -4.519198e+000 -8.622833e+000
-1.196197e+000 -8.034708e+000 -6.156363e+000
-9.779752e-001 -8.132784e+000 -6.169321e+000
-7.439004e-001 -8.081724e+000 -6.167632e+000
-5.530968e-001 -8.212014e+000 -6.104177e+000
-5.654481e-002 -8.066601e+000 -6.126468e+000
4.135208e-001 -7.853106e+000 -6.167488e+000
9.301527e-001 -7.824193e+000 -6.189290e+000
1.405173e+000 -7.951667e+000 -6.251141e+000
1.891940e+000 -7.923289e+000 -6.340625e+000
2.354402e+000 -8.073885e+000 -6.436346e+000
-1.357556e+000 -8.202737e+000 -8.879478e+000
-1.165812e+000 -8.231565e+000 -8.887360e+000
-9.752048e-001 -8.230264e+000 -8.923800e+000
-7.894877e-001 -8.284196e+000 -8.939993e+000
-3.423016e-001 -8.163410e+000 -9.075670e+000
1.315353e-001 -8.109554e+000 -9.186775e+000
5.884224e-001 -8.242275e+000 -9.183335e+000
1.083790e+000 -8.083528e+000 -9.209562e+000
1.600973e+000 -8.025910e+000 -9.186161e+000
2.101006e+000 -8.165190e+000 -9.227880e+000
