[individuals]
1
[dimensions]
3
[landmarks]
48
[rawpoints]
'#1
2.981379e+003 2.513741e+003 8.102153e+003
2.659260e+003 1.800600e+003 8.353587e+003
5.211863e+002 3.342592e+003 2.625357e+003
4.477142e+003 1.710128e+003 2.432040e+003
2.734076e+003 3.523901e+003 1.138322e+003
1.822969e+003 3.229953e+003 5.438515e+003
3.917907e+003 2.339555e+003 5.303245e+003
1.339438e+003 3.477331e+003 4.752487e+003
1.465762e+003 2.608925e+003 5.523234e+003
3.718583e+003 1.692999e+003 5.323534e+003
4.253710e+003 2.280365e+003 4.561427e+003
1.981435e+003 3.024821e+003 6.091655e+003
3.719182e+003 2.270279e+003 5.972021e+003
1.456206e+003 3.929295e+003 1.518610e+003
4.115622e+003 2.849428e+003 1.364478e+003
1.796337e+003 3.903357e+003 1.261190e+003
3.819315e+003 3.232643e+003 1.047648e+003
2.477387e+003 2.961579e+003 3.935164e+002
2.154596e+003 3.565118e+003 7.190179e+002
3.150623e+003 3.158755e+003 6.592484e+002
2.105938e+003 1.035447e+003 5.159734e+003
2.040830e+003 9.284739e+002 4.422184e+003
1.955743e+003 7.851348e+002 3.692906e+003
1.893729e+003 7.342177e+002 2.949081e+003
1.874439e+003 8.403976e+002 2.208792e+003
1.890113e+003 1.060465e+003 1.493962e+003
1.998392e+003 1.502516e+003 9.002062e+002
2.114703e+003 1.952332e+003 3.138762e+002
2.207060e+003 3.377445e+003 5.984708e+003
2.153426e+003 3.402550e+003 5.813224e+003
2.105080e+003 3.402791e+003 5.638360e+003
2.106737e+003 3.440724e+003 5.460963e+003
2.010449e+003 3.391523e+003 5.190130e+003
1.974278e+003 3.420048e+003 4.902175e+003
1.969234e+003 3.446895e+003 4.611845e+003
1.952819e+003 3.385917e+003 4.321768e+003
1.988563e+003 3.372337e+003 4.027357e+003
2.049155e+003 3.397384e+003 3.737819e+003
3.880391e+003 2.701170e+003 5.832116e+003
3.894065e+003 2.680803e+003 5.660448e+003
3.877475e+003 2.670645e+003 5.488124e+003
3.897186e+003 2.710299e+003 5.320461e+003
3.828745e+003 2.655326e+003 5.039798e+003
3.819983e+003 2.662219e+003 4.745930e+003
3.784404e+003 2.676946e+003 4.454384e+003
3.714055e+003 2.672672e+003 4.186082e+003
3.635928e+003 2.698604e+003 3.921172e+003
3.573099e+003 2.773821e+003 3.661656e+003
