[individuals]
1
[dimensions]
3
[landmarks]
48
[rawpoints]
'#1
-9.400978e-002 -7.413367e+000 -2.068568e+000
-2.729546e-001 -6.564047e+000 -1.901834e+000
5.504771e+000 -6.489600e+000 -3.576089e+000
2.632777e+000 -6.220882e+000 -7.228669e+000
5.146238e+000 -7.469195e+000 -6.315933e+000
2.530077e+000 -7.284854e+000 -2.863297e+000
9.930938e-001 -7.149660e+000 -4.208350e+000
3.088973e+000 -7.291986e+000 -2.737586e+000
2.386682e+000 -6.581784e+000 -2.539827e+000
9.475128e-001 -6.416382e+000 -4.289072e+000
1.287379e+000 -7.187828e+000 -5.134456e+000
1.650883e+000 -7.229109e+000 -2.535904e+000
6.737061e-001 -7.200780e+000 -3.749611e+000
5.969706e+000 -7.549695e+000 -4.857790e+000
3.948064e+000 -7.323508e+000 -7.513019e+000
5.874838e+000 -7.925674e+000 -5.608233e+000
4.602714e+000 -7.807391e+000 -7.289897e+000
5.560267e+000 -6.798944e+000 -6.603218e+000
5.721896e+000 -7.275612e+000 -6.170808e+000
5.092002e+000 -7.154066e+000 -6.878703e+000
1.889856e+000 -5.267582e+000 -3.561253e+000
2.416107e+000 -5.095272e+000 -4.023624e+000
2.927312e+000 -4.843932e+000 -4.466312e+000
3.483090e+000 -4.672753e+000 -4.893134e+000
4.072450e+000 -4.669709e+000 -5.309144e+000
4.661656e+000 -4.806542e+000 -5.702274e+000
5.198236e+000 -5.112243e+000 -6.075114e+000
5.680665e+000 -5.500350e+000 -6.445346e+000
1.919960e+000 -7.539139e+000 -2.697957e+000
2.068350e+000 -7.499013e+000 -2.778851e+000
2.215655e+000 -7.463934e+000 -2.863966e+000
2.361759e+000 -7.471588e+000 -2.957604e+000
2.641431e+000 -7.479570e+000 -3.123242e+000
2.923378e+000 -7.474385e+000 -3.285086e+000
3.181834e+000 -7.476693e+000 -3.482341e+000
3.360897e+000 -7.413533e+000 -3.669691e+000
3.505324e+000 -7.361024e+000 -3.887718e+000
3.644550e+000 -7.352557e+000 -4.115087e+000
8.389867e-001 -7.450174e+000 -3.875600e+000
9.256083e-001 -7.448165e+000 -3.953762e+000
1.013211e+000 -7.439027e+000 -4.030295e+000
1.097316e+000 -7.404330e+000 -4.103369e+000
1.266152e+000 -7.379232e+000 -4.285441e+000
1.428379e+000 -7.408056e+000 -4.472890e+000
1.607631e+000 -7.428369e+000 -4.645347e+000
1.854977e+000 -7.362473e+000 -4.828307e+000
2.118776e+000 -7.331458e+000 -4.996951e+000
2.379451e+000 -7.305235e+000 -5.171171e+000
