[individuals]
1
[dimensions]
3
[landmarks]
48
[rawpoints]
'#1
-2.681657e+000 -7.147317e+000 -4.773651e-001
-2.806255e+000 -5.753219e+000 -3.313866e-001
5.518210e+000 -5.842074e+000 -1.508222e+000
2.959162e+000 -5.707731e+000 -6.514638e+000
5.753798e+000 -6.872070e+000 -4.686588e+000
9.269779e-001 -7.055963e+000 -7.984482e-001
-3.429718e-001 -6.953864e+000 -3.289530e+000
2.363472e+000 -7.093678e+000 -5.379181e-001
6.044941e-001 -6.112472e+000 -4.037422e-001
-8.142868e-001 -6.141487e+000 -3.148337e+000
3.365413e-001 -7.105960e+000 -4.562712e+000
2.235699e-002 -6.977736e+000 -6.664650e-001
-1.001978e+000 -6.845654e+000 -2.708381e+000
6.477023e+000 -7.251956e+000 -2.684315e+000
4.479148e+000 -7.183747e+000 -6.629689e+000
6.400435e+000 -7.917529e+000 -3.201789e+000
4.730891e+000 -7.898627e+000 -6.248368e+000
6.603592e+000 -5.948081e+000 -5.220104e+000
6.644335e+000 -6.406398e+000 -4.361893e+000
5.915826e+000 -6.382903e+000 -5.673070e+000
5.021324e-002 -4.176272e+000 -1.843906e+000
8.879665e-001 -3.695744e+000 -2.358826e+000
1.832265e+000 -3.465314e+000 -2.862242e+000
2.810072e+000 -3.532063e+000 -3.349667e+000
3.792904e+000 -3.554683e+000 -3.830742e+000
4.767030e+000 -3.760747e+000 -4.285324e+000
5.673068e+000 -4.206929e+000 -4.707412e+000
6.538321e+000 -4.733560e+000 -5.122005e+000
2.022429e-001 -7.397767e+000 -6.263480e-001
3.768864e-001 -7.282440e+000 -7.042964e-001
5.784012e-001 -7.310241e+000 -7.964592e-001
7.795346e-001 -7.394183e+000 -8.451499e-001
1.116123e+000 -7.297961e+000 -9.809903e-001
1.473044e+000 -7.263135e+000 -1.092418e+000
1.807937e+000 -7.294064e+000 -1.259425e+000
2.207504e+000 -7.182042e+000 -1.432324e+000
2.582593e+000 -7.110460e+000 -1.669549e+000
2.960033e+000 -7.172906e+000 -1.905633e+000
-8.721760e-001 -7.223597e+000 -2.765046e+000
-6.861851e-001 -7.205251e+000 -2.828241e+000
-5.170354e-001 -7.254276e+000 -2.917163e+000
-3.812954e-001 -7.296968e+000 -3.053820e+000
-1.399190e-002 -7.224359e+000 -3.166054e+000
3.104202e-001 -7.206809e+000 -3.383351e+000
6.401002e-001 -7.270575e+000 -3.583415e+000
9.988894e-001 -7.145222e+000 -3.806442e+000
1.388193e+000 -7.106588e+000 -4.009264e+000
1.761100e+000 -7.159566e+000 -4.237999e+000
