[individuals]
1
[dimensions]
3
[landmarks]
48
[rawpoints]
'#1
-4.644485e+000 -8.039923e+000 -1.013186e+000
-5.124649e+000 -6.536363e+000 -1.026214e+000
3.691391e+000 -5.962647e+000 1.775221e+000
3.645971e+000 -5.838291e+000 -3.916287e+000
5.541148e+000 -6.874481e+000 -1.080348e+000
-1.273089e+000 -7.559686e+000 2.987335e-001
-1.357719e+000 -7.520042e+000 -2.469512e+000
-1.395502e-001 -7.627866e+000 1.038747e+000
-1.765323e+000 -6.443474e+000 3.305313e-001
-1.740055e+000 -6.524507e+000 -2.406628e+000
-1.594498e-001 -7.533813e+000 -3.226453e+000
-2.140454e+000 -7.668645e+000 1.133126e-001
-2.186986e+000 -7.577156e+000 -2.267190e+000
5.722807e+000 -7.144174e+000 1.128684e+000
5.525413e+000 -6.990794e+000 -3.430571e+000
5.493961e+000 -7.991145e+000 2.957616e-001
5.446232e+000 -7.844995e+000 -2.601610e+000
6.392786e+000 -5.786755e+000 -1.185138e+000
6.114197e+000 -6.348089e+000 -4.140331e-001
6.086236e+000 -6.296526e+000 -1.895875e+000
-1.003272e+000 -4.343368e+000 -1.028419e+000
2.151691e-002 -4.038619e+000 -1.053295e+000
1.069192e+000 -3.824997e+000 -1.073742e+000
2.129061e+000 -3.683156e+000 -1.093681e+000
3.197547e+000 -3.641000e+000 -1.109721e+000
4.264791e+000 -3.708712e+000 -1.122109e+000
5.236605e+000 -4.154659e+000 -1.143649e+000
6.207896e+000 -4.601528e+000 -1.167855e+000
-1.907188e+000 -8.105472e+000 1.038685e-001
-1.729161e+000 -8.036847e+000 1.199642e-001
-1.542284e+000 -8.003346e+000 1.448127e-001
-1.353660e+000 -8.035452e+000 1.522005e-001
-1.030468e+000 -7.911669e+000 2.293072e-001
-6.855139e-001 -7.834731e+000 2.580068e-001
-3.358718e-001 -7.865415e+000 2.077126e-001
3.778806e-002 -7.775310e+000 2.295063e-001
4.183295e-001 -7.729878e+000 1.925828e-001
7.906654e-001 -7.803450e+000 1.280010e-001
-1.968412e+000 -8.070976e+000 -2.231519e+000
-1.786472e+000 -7.985995e+000 -2.263309e+000
-1.587319e+000 -7.949784e+000 -2.282202e+000
-1.385850e+000 -7.966798e+000 -2.303565e+000
-1.053196e+000 -7.819913e+000 -2.304641e+000
-6.935575e-001 -7.776826e+000 -2.337172e+000
-3.339771e-001 -7.825225e+000 -2.361535e+000
3.674756e-002 -7.705431e+000 -2.370320e+000
4.252465e-001 -7.675526e+000 -2.375309e+000
8.084043e-001 -7.744362e+000 -2.357510e+000
