[individuals]
1
[dimensions]
3
[landmarks]
48
[rawpoints]
'#1
-6.765368e-002 -2.178204e+000 -3.722504e+000
4.750204e-003 -1.374260e+000 -3.887997e+000
-1.640558e+000 -1.552609e+000 2.120431e+000
2.124081e+000 -1.191438e+000 2.003737e+000
3.243060e-001 -2.258974e+000 3.122365e+000
-8.328452e-001 -2.144261e+000 -1.096157e+000
1.058114e+000 -2.097827e+000 -1.155876e+000
-1.209464e+000 -2.123570e+000 -4.759979e-001
-9.734895e-001 -1.393379e+000 -1.410789e+000
1.113156e+000 -1.410073e+000 -1.582895e+000
1.451862e+000 -2.067638e+000 -5.250064e-001
-7.295060e-001 -2.007942e+000 -1.675457e+000
9.416285e-001 -1.910297e+000 -1.739745e+000
9999 9999 9999
1.727608e+000 -2.223749e+000 2.845959e+000
9999 9999 9999
9999 9999 9999
3.368431e-001 -1.529138e+000 3.715894e+000
-2.015468e-001 -2.012756e+000 3.471184e+000
7.934538e-001 -1.925450e+000 3.512204e+000
9.999023e-002 -2.422489e-001 -8.254356e-001
8.926953e-002 -7.998273e-002 -1.887567e-001
1.039505e-001 -2.584646e-002 4.659698e-001
1.242470e-001 2.112972e-001 1.078511e+000
1.627717e-001 2.955722e-001 1.729111e+000
2.203386e-001 1.718588e-001 2.371890e+000
2.758631e-001 -8.185548e-002 2.975524e+000
3.104989e-001 -2.956692e-001 3.595919e+000
-7.271345e-001 -2.317012e+000 -1.573973e+000
-7.173241e-001 -2.307952e+000 -1.424749e+000
-7.172132e-001 -2.321530e+000 -1.275543e+000
-7.053339e-001 -2.343357e+000 -1.127797e+000
-7.474956e-001 -2.327795e+000 -8.944442e-001
-7.093288e-001 -2.374456e+000 -6.645683e-001
-6.821560e-001 -2.405570e+000 -4.305377e-001
-6.628796e-001 -2.394901e+000 -1.686941e-001
-6.395621e-001 -2.356803e+000 9.025545e-002
-5.969893e-001 -2.399106e+000 3.460870e-001
9.247257e-001 -2.332194e+000 -1.647427e+000
9.441765e-001 -2.316128e+000 -1.505140e+000
9.677777e-001 -2.266895e+000 -1.371341e+000
9.449357e-001 -2.351605e+000 -1.256523e+000
9.761336e-001 -2.316797e+000 -9.978378e-001
9.716579e-001 -2.343534e+000 -7.363750e-001
9.577765e-001 -2.390523e+000 -4.781116e-001
9.787466e-001 -2.342004e+000 -2.256706e-001
9.783238e-001 -2.309902e+000 3.021920e-002
9.873315e-001 -2.349111e+000 2.849742e-001
