[individuals]
1
[dimensions]
3
[landmarks]
48
[rawpoints]
'#1
-1.943261e+000 -7.446435e+000 1.018401e+000
-1.790115e+000 -6.145653e+000 9.099331e-001
4.876322e+000 -6.754080e+000 1.136913e+000
3.761877e+000 -6.912498e+000 -2.882933e+000
5.635828e+000 -7.852547e+000 -1.304798e+000
1.177172e+000 -7.381838e+000 1.153384e+000
5.121807e-001 -7.380754e+000 -8.541336e-001
1.992995e+000 -7.324525e+000 1.374400e+000
8.481639e-001 -6.494128e+000 1.362785e+000
2.314125e-001 -6.484993e+000 -8.975250e-001
1.284032e+000 -7.441169e+000 -1.574661e+000
5.122506e-001 -7.197441e+000 1.277995e+000
1.100998e-002 -7.214618e+000 -6.132566e-001
5.778395e+000 -7.551450e+000 4.029711e-001
4.849784e+000 -7.731589e+000 -2.748375e+000
6.073605e+000 -7.982142e+000 -1.961978e-001
5.336068e+000 -8.030859e+000 -2.439322e+000
6.091515e+000 -7.180698e+000 -1.507156e+000
6.120548e+000 -7.567494e+000 -9.265474e-001
5.831132e+000 -7.534374e+000 -1.903274e+000
1.165308e+000 -5.284401e+000 6.065712e-002
1.860946e+000 -5.170078e+000 -1.835584e-001
2.552989e+000 -5.025521e+000 -4.218992e-001
3.252474e+000 -4.914614e+000 -6.566345e-001
3.961576e+000 -4.957914e+000 -8.844305e-001
4.650793e+000 -5.138073e+000 -1.106036e+000
5.289001e+000 -5.462121e+000 -1.316378e+000
5.946514e+000 -5.734060e+000 -1.540889e+000
5.083216e-001 -7.514520e+000 1.256842e+000
6.720625e-001 -7.556630e+000 1.231691e+000
8.349698e-001 -7.555588e+000 1.179958e+000
9.923801e-001 -7.611660e+000 1.143991e+000
1.274391e+000 -7.566006e+000 1.019494e+000
1.569035e+000 -7.608462e+000 9.273705e-001
1.860522e+000 -7.689505e+000 8.526350e-001
2.169102e+000 -7.658039e+000 7.303068e-001
2.485350e+000 -7.689493e+000 6.294340e-001
2.805979e+000 -7.706254e+000 5.394400e-001
5.100746e-002 -7.725165e+000 -5.747139e-001
1.804049e-001 -7.711902e+000 -6.280563e-001
3.157987e-001 -7.702721e+000 -6.648126e-001
4.507891e-001 -7.734311e+000 -6.881351e-001
7.759410e-001 -7.691226e+000 -7.788139e-001
1.111433e+000 -7.717208e+000 -8.297027e-001
1.431801e+000 -7.806820e+000 -9.013720e-001
1.730566e+000 -7.777631e+000 -9.951196e-001
2.026987e+000 -7.763902e+000 -1.099350e+000
2.299307e+000 -7.828137e+000 -1.242957e+000
