[individuals]
1
[dimensions]
3
[landmarks]
48
[rawpoints]
'#1
-1.977617e+000 -7.960238e+000 -6.257928e+000
-1.998505e+000 -6.976181e+000 -6.298607e+000
3.111046e+000 -6.563255e+000 -4.279540e+000
3.240311e+000 -6.555299e+000 -8.234221e+000
4.250323e+000 -7.377931e+000 -6.240408e+000
1.099865e-001 -7.457989e+000 -5.459506e+000
6.578312e-002 -7.452282e+000 -7.098772e+000
1.253086e+000 -7.796058e+000 -4.623166e+000
3.861915e-001 -6.816451e+000 -5.372119e+000
3.991798e-001 -6.702575e+000 -7.248645e+000
1.398894e+000 -7.403446e+000 -7.900884e+000
-1.894455e-001 -7.418565e+000 -5.686025e+000
-2.184372e-001 -7.375080e+000 -6.867440e+000
4.240790e+000 -7.425858e+000 -4.908775e+000
4.238755e+000 -7.459951e+000 -7.653343e+000
4.353428e+000 -8.038444e+000 -5.330122e+000
4.377559e+000 -8.012815e+000 -7.212381e+000
4.966934e+000 -6.694414e+000 -6.325514e+000
4.602046e+000 -7.065260e+000 -5.810407e+000
4.561310e+000 -7.137784e+000 -6.775690e+000
4.189934e-001 -5.852052e+000 -6.347198e+000
1.044709e+000 -5.584599e+000 -6.370305e+000
1.606933e+000 -5.200918e+000 -6.386672e+000
2.239017e+000 -4.948037e+000 -6.375787e+000
2.905707e+000 -4.812890e+000 -6.346427e+000
3.584337e+000 -4.860575e+000 -6.318622e+000
4.176260e+000 -5.194749e+000 -6.279261e+000
4.810495e+000 -5.442335e+000 -6.274274e+000
-1.873348e-001 -7.619742e+000 -5.637011e+000
-1.073333e-001 -7.660928e+000 -5.638489e+000
-2.818390e-002 -7.688709e+000 -5.605896e+000
5.508588e-002 -7.704562e+000 -5.575663e+000
3.185056e-001 -7.661947e+000 -5.466482e+000
5.694953e-001 -7.730439e+000 -5.342210e+000
8.494622e-001 -7.782655e+000 -5.297316e+000
1.275955e+000 -7.745740e+000 -5.305481e+000
1.695107e+000 -7.717050e+000 -5.388069e+000
2.108821e+000 -7.712984e+000 -5.498323e+000
-2.637870e-001 -7.616282e+000 -6.990184e+000
-1.926513e-001 -7.668848e+000 -6.980665e+000
-1.105988e-001 -7.702465e+000 -6.973511e+000
-2.349644e-002 -7.716950e+000 -6.984352e+000
2.644617e-001 -7.587778e+000 -7.094884e+000
5.870058e-001 -7.661041e+000 -7.144181e+000
9.185055e-001 -7.700032e+000 -7.164673e+000
1.318064e+000 -7.702255e+000 -7.145916e+000
1.713471e+000 -7.647109e+000 -7.121336e+000
2.098746e+000 -7.688943e+000 -7.022281e+000
