[individuals]
1
[dimensions]
3
[landmarks]
48
[rawpoints]
'#1
-4.284825e+000 -7.827897e+000 -3.295138e+000
-3.584260e+000 -6.525098e+000 -3.176231e+000
4.247202e+000 -6.072781e+000 5.529953e-001
4.840004e+000 -5.917413e+000 -5.108971e+000
6.299592e+000 -7.174524e+000 -2.123302e+000
-3.727409e-001 -7.435167e+000 -1.612512e+000
-1.382587e-001 -7.425908e+000 -3.990580e+000
1.237014e+000 -7.683842e+000 -4.204601e-001
-2.891495e-001 -6.584983e+000 -1.447425e+000
-3.665619e-002 -6.351051e+000 -4.116708e+000
1.693433e+000 -7.702592e+000 -4.884336e+000
-7.948254e-001 -7.425709e+000 -1.955391e+000
-6.406404e-001 -7.415315e+000 -3.764510e+000
5.859294e+000 -7.322185e+000 -1.022554e-001
6.409868e+000 -7.166025e+000 -4.222482e+000
6.285316e+000 -8.236667e+000 -3.024123e-001
6.626894e+000 -8.222700e+000 -3.858509e+000
7.149108e+000 -6.207699e+000 -1.979834e+000
6.742505e+000 -6.688119e+000 -1.312901e+000
6.908704e+000 -6.721704e+000 -2.829712e+000
4.070734e-001 -4.860042e+000 -2.627223e+000
1.329430e+000 -4.611727e+000 -2.538863e+000
2.169386e+000 -4.157204e+000 -2.448939e+000
3.073910e+000 -3.854020e+000 -2.348280e+000
4.010087e+000 -3.671911e+000 -2.245232e+000
4.964480e+000 -3.710978e+000 -2.156894e+000
5.826842e+000 -4.123324e+000 -2.076378e+000
6.736401e+000 -4.420165e+000 -2.007171e+000
-8.165687e-001 -7.736351e+000 -1.854777e+000
-6.839105e-001 -7.761427e+000 -1.824288e+000
-5.619821e-001 -7.781705e+000 -1.762006e+000
-4.420284e-001 -7.813102e+000 -1.700506e+000
-5.289783e-002 -7.763631e+000 -1.582171e+000
3.282239e-001 -7.812628e+000 -1.439983e+000
7.284065e-001 -7.843141e+000 -1.357529e+000
1.299190e+000 -7.776389e+000 -1.269331e+000
1.878188e+000 -7.723895e+000 -1.263660e+000
2.442847e+000 -7.855713e+000 -1.306175e+000
-6.729126e-001 -7.617219e+000 -3.820994e+000
-5.594386e-001 -7.670907e+000 -3.890537e+000
-4.325972e-001 -7.722181e+000 -3.933863e+000
-2.981180e-001 -7.766257e+000 -3.957705e+000
1.138813e-001 -7.745111e+000 -3.999472e+000
5.265949e-001 -7.712452e+000 -4.022838e+000
9.401160e-001 -7.738899e+000 -4.007335e+000
1.547610e+000 -7.739192e+000 -3.953387e+000
2.151771e+000 -7.668227e+000 -3.909750e+000
2.731977e+000 -7.781432e+000 -3.759675e+000
