[individuals]
1
[dimensions]
3
[landmarks]
48
[rawpoints]
'#1
-5.193951e-002 2.152700e+001 -4.534546e+001
-8.751609e-002 1.921443e+001 -4.568323e+001
-3.574186e+000 1.915754e+001 -5.683162e+001
3.155926e+000 1.898208e+001 -5.700200e+001
-1.528685e-001 2.093276e+001 -5.846161e+001
-1.707271e+000 2.044225e+001 -5.040151e+001
1.627426e+000 2.044825e+001 -5.050636e+001
-2.783693e+000 2.061572e+001 -5.285693e+001
-1.941563e+000 1.944713e+001 -5.059472e+001
1.846436e+000 1.947696e+001 -5.066600e+001
2.801793e+000 2.068319e+001 -5.293370e+001
-1.351182e+000 2.040788e+001 -4.974124e+001
1.371736e+000 2.041445e+001 -4.979776e+001
-2.557701e+000 2.107727e+001 -5.809696e+001
2.114573e+000 2.109041e+001 -5.816587e+001
-2.237510e+000 2.244381e+001 -5.843723e+001
1.814458e+000 2.233089e+001 -5.866465e+001
-2.313634e-001 1.973278e+001 -5.935295e+001
-1.008194e+000 2.028984e+001 -5.903117e+001
6.472797e-001 2.031576e+001 -5.913096e+001
-1.267746e-001 1.683374e+001 -5.186354e+001
-8.560259e-002 1.665569e+001 -5.292620e+001
-7.872883e-002 1.661510e+001 -5.400367e+001
-6.098550e-002 1.648807e+001 -5.507429e+001
-7.582050e-002 1.652875e+001 -5.615168e+001
-1.061268e-001 1.668028e+001 -5.721875e+001
-1.704822e-001 1.717065e+001 -5.817696e+001
-2.132586e-001 1.755561e+001 -5.918323e+001
-1.359574e+000 2.100672e+001 -4.985875e+001
-1.473311e+000 2.094998e+001 -5.001421e+001
-1.504845e+000 2.095070e+001 -5.021252e+001
-1.533234e+000 2.097166e+001 -5.041021e+001
-1.660164e+000 2.067218e+001 -5.080955e+001
-1.793550e+000 2.071752e+001 -5.130495e+001
-1.829090e+000 2.084150e+001 -5.180357e+001
-1.807739e+000 2.095002e+001 -5.243634e+001
-1.734967e+000 2.112446e+001 -5.305025e+001
-1.643277e+000 2.126334e+001 -5.367067e+001
1.381681e+000 2.094490e+001 -4.988159e+001
1.425592e+000 2.092964e+001 -5.007998e+001
1.494706e+000 2.094654e+001 -5.027092e+001
1.547856e+000 2.095286e+001 -5.046754e+001
1.494340e+000 2.064147e+001 -5.086393e+001
1.650037e+000 2.071367e+001 -5.134092e+001
1.703592e+000 2.082355e+001 -5.183288e+001
1.693529e+000 2.093055e+001 -5.248988e+001
1.659249e+000 2.106646e+001 -5.314071e+001
1.605671e+000 2.124555e+001 -5.377964e+001
