[individuals]
1
[dimensions]
3
[landmarks]
48
[rawpoints]
'#1
-1.422726e-001 1.930246e+001 -7.055554e+001
-1.786742e-001 1.808986e+001 -7.077991e+001
-3.009959e+000 1.960983e+001 -7.822773e+001
2.261328e+000 1.953668e+001 -7.831700e+001
-3.705624e-001 2.092533e+001 -7.961918e+001
-1.392040e+000 1.978840e+001 -7.401779e+001
7.503788e-001 1.975640e+001 -7.407137e+001
-2.345144e+000 2.039878e+001 -7.527936e+001
-1.590242e+000 1.903757e+001 -7.413803e+001
8.698257e-001 1.893311e+001 -7.417881e+001
1.697001e+000 2.030500e+001 -7.532028e+001
-1.173764e+000 1.965919e+001 -7.367990e+001
4.867426e-001 1.955952e+001 -7.379166e+001
-2.227765e+000 2.105963e+001 -7.925573e+001
1.609737e+000 2.095289e+001 -7.926472e+001
-1.628905e+000 2.189592e+001 -7.938071e+001
1.027306e+000 2.182031e+001 -7.939785e+001
-3.355354e-001 1.994435e+001 -8.045113e+001
-1.036160e+000 2.043851e+001 -8.011949e+001
3.294365e-001 2.043931e+001 -8.013134e+001
-4.047856e-001 1.736050e+001 -7.484439e+001
-4.005371e-001 1.734290e+001 -7.571960e+001
-3.970846e-001 1.724353e+001 -7.658931e+001
-3.942274e-001 1.717755e+001 -7.746225e+001
-3.909236e-001 1.723707e+001 -7.833553e+001
-3.862329e-001 1.751481e+001 -7.916576e+001
-3.828100e-001 1.807585e+001 -7.983765e+001
-3.750683e-001 1.851014e+001 -8.059766e+001
-1.167871e+000 1.995350e+001 -7.364899e+001
-1.229747e+000 1.998071e+001 -7.373448e+001
-1.263496e+000 2.002388e+001 -7.382869e+001
-1.283381e+000 2.004135e+001 -7.393441e+001
-1.391346e+000 2.009693e+001 -7.424306e+001
-1.486513e+000 2.018561e+001 -7.454816e+001
-1.536079e+000 2.028804e+001 -7.485971e+001
-1.580897e+000 2.035817e+001 -7.526937e+001
-1.534930e+000 2.049249e+001 -7.566366e+001
-1.463647e+000 2.068938e+001 -7.602435e+001
5.382310e-001 1.985257e+001 -7.368853e+001
6.337657e-001 1.984826e+001 -7.377853e+001
6.617726e-001 1.993455e+001 -7.387349e+001
6.818446e-001 1.995360e+001 -7.400187e+001
7.502190e-001 2.002288e+001 -7.430833e+001
8.069223e-001 2.009925e+001 -7.461552e+001
8.261682e-001 2.020993e+001 -7.491682e+001
8.552485e-001 2.032736e+001 -7.532388e+001
8.374556e-001 2.048971e+001 -7.571585e+001
8.048130e-001 2.068066e+001 -7.609377e+001
