[individuals]
1
[dimensions]
3
[landmarks]
48
[rawpoints]
'#1
-4.260213e-001 1.836766e+001 -7.399738e+001
-4.404913e-001 1.738678e+001 -7.428009e+001
-2.598606e+000 1.845818e+001 -8.150030e+001
2.324564e+000 1.818192e+001 -8.096317e+001
-3.051422e-002 1.950835e+001 -8.248354e+001
-1.187526e+000 1.837134e+001 -7.711819e+001
6.095203e-001 1.829892e+001 -7.703429e+001
-2.100475e+000 1.916394e+001 -7.863518e+001
-1.466925e+000 1.792269e+001 -7.737292e+001
8.187868e-001 1.772365e+001 -7.731419e+001
1.644594e+000 1.890763e+001 -7.846427e+001
-1.013460e+000 1.828923e+001 -7.684612e+001
3.610772e-001 1.825667e+001 -7.677805e+001
-1.925747e+000 1.966249e+001 -8.248094e+001
1.747652e+000 1.948916e+001 -8.226390e+001
-1.212991e+000 2.051457e+001 -8.246568e+001
1.222055e+000 2.034533e+001 -8.242464e+001
-9.824774e-002 1.875731e+001 -8.343058e+001
-7.243934e-001 1.919107e+001 -8.302962e+001
6.044005e-001 1.916809e+001 -8.299678e+001
-5.594798e-001 1.632125e+001 -7.808043e+001
-5.653654e-001 1.620787e+001 -7.893846e+001
-5.822877e-001 1.606641e+001 -7.979216e+001
-5.749671e-001 1.603131e+001 -8.065691e+001
-5.255697e-001 1.611568e+001 -8.151688e+001
-4.399313e-001 1.646521e+001 -8.230402e+001
-3.020496e-001 1.698027e+001 -8.298577e+001
-1.393930e-001 1.749788e+001 -8.366010e+001
-1.101121e+000 1.862319e+001 -7.670542e+001
-1.080720e+000 1.866174e+001 -7.678726e+001
-1.088114e+000 1.870375e+001 -7.686961e+001
-1.104238e+000 1.871916e+001 -7.695962e+001
-1.221396e+000 1.870185e+001 -7.728870e+001
-1.249364e+000 1.880766e+001 -7.762087e+001
-1.272096e+000 1.892980e+001 -7.794782e+001
-1.282143e+000 1.902347e+001 -7.835548e+001
-1.260433e+000 1.917393e+001 -7.874547e+001
-1.217510e+000 1.935641e+001 -7.911940e+001
4.316357e-001 1.856138e+001 -7.659476e+001
4.243421e-001 1.859400e+001 -7.670995e+001
4.585482e-001 1.865502e+001 -7.680737e+001
4.991898e-001 1.864927e+001 -7.692008e+001
6.077337e-001 1.860141e+001 -7.722208e+001
7.062738e-001 1.870201e+001 -7.751440e+001
7.787773e-001 1.881502e+001 -7.780980e+001
8.456346e-001 1.889075e+001 -7.823191e+001
8.698781e-001 1.903513e+001 -7.864137e+001
8.728126e-001 1.927234e+001 -7.900398e+001
