[individuals]
1
[dimensions]
3
[landmarks]
48
[rawpoints]
'#1
-5.117956e-001 1.924347e+001 -5.497980e+001
-2.651440e-001 1.785675e+001 -5.556143e+001
-2.951138e+000 1.877690e+001 -6.358275e+001
2.539438e+000 1.920046e+001 -6.364431e+001
-1.963160e-001 2.047436e+001 -6.544118e+001
-1.416798e+000 1.961844e+001 -5.876465e+001
6.274907e-001 1.981055e+001 -5.875651e+001
-2.623680e+000 2.025483e+001 -6.060246e+001
-1.645790e+000 1.858871e+001 -5.896607e+001
1.091040e+000 1.885679e+001 -5.888168e+001
1.891291e+000 2.069423e+001 -6.039752e+001
-1.244041e+000 1.945408e+001 -5.837391e+001
4.876917e-001 1.966980e+001 -5.837887e+001
-2.388078e+000 2.065852e+001 -6.526452e+001
1.838311e+000 2.097657e+001 -6.508450e+001
-1.800238e+000 2.161481e+001 -6.494113e+001
1.012107e+000 2.170642e+001 -6.487391e+001
-1.358273e-001 1.956700e+001 -6.630051e+001
-8.658743e-001 1.974728e+001 -6.595999e+001
4.869916e-001 1.981989e+001 -6.602934e+001
2.990313e-002 1.690433e+001 -5.954116e+001
3.046554e-002 1.677911e+001 -6.052589e+001
3.060971e-002 1.668478e+001 -6.151407e+001
3.106982e-002 1.658333e+001 -6.250155e+001
2.982955e-002 1.656138e+001 -6.349395e+001
2.529177e-002 1.668592e+001 -6.447884e+001
1.183326e-002 1.710357e+001 -6.537926e+001
2.093244e-003 1.756616e+001 -6.625752e+001
-1.246653e+000 1.978679e+001 -5.833012e+001
-1.273748e+000 1.979213e+001 -5.841898e+001
-1.276383e+000 1.983280e+001 -5.850262e+001
-1.282913e+000 1.988958e+001 -5.857605e+001
-1.379980e+000 1.986276e+001 -5.896384e+001
-1.488285e+000 1.986540e+001 -5.934959e+001
-1.555423e+000 1.994309e+001 -5.973686e+001
-1.589923e+000 2.007251e+001 -6.014639e+001
-1.595738e+000 2.016560e+001 -6.056707e+001
-1.575775e+000 2.032940e+001 -6.096510e+001
4.236530e-001 1.997983e+001 -5.833907e+001
4.416270e-001 1.998033e+001 -5.844514e+001
4.312686e-001 2.003243e+001 -5.853869e+001
4.374569e-001 2.006315e+001 -5.864161e+001
6.115936e-001 2.004121e+001 -5.896806e+001
7.582014e-001 2.004917e+001 -5.930838e+001
8.657700e-001 2.009750e+001 -5.965977e+001
8.767907e-001 2.028444e+001 -6.006438e+001
9.079238e-001 2.038671e+001 -6.049726e+001
8.711964e-001 2.055526e+001 -6.090839e+001
