[individuals]
1
[dimensions]
3
[landmarks]
48
[rawpoints]
'#1
4.007575e-001 2.572169e+001 5.888992e+001
4.667399e-001 2.828563e+001 5.815351e+001
4.623118e+000 2.894462e+001 4.317224e+001
-3.506181e+000 2.903645e+001 4.294764e+001
5.284413e-001 2.672662e+001 4.043476e+001
2.501535e+000 2.643469e+001 5.097928e+001
-1.638764e+000 2.668812e+001 5.092987e+001
4.354043e+000 2.528135e+001 4.842252e+001
2.723894e+000 2.772174e+001 5.068877e+001
-1.768380e+000 2.798275e+001 5.085365e+001
-3.688126e+000 2.563407e+001 4.848344e+001
2.110338e+000 2.665452e+001 5.153120e+001
-1.203692e+000 2.682762e+001 5.146468e+001
3.857163e+000 2.675927e+001 4.082553e+001
-2.861859e+000 2.718706e+001 4.037461e+001
3.188972e+000 2.421603e+001 4.044668e+001
-2.368744e+000 2.434266e+001 4.045061e+001
6.032804e-001 2.840693e+001 3.944410e+001
1.580404e+000 2.753882e+001 3.962444e+001
-5.215586e-001 2.759890e+001 3.965572e+001
5.736378e-001 3.133053e+001 4.912239e+001
6.230646e-001 3.165466e+001 4.778901e+001
6.586119e-001 3.193489e+001 4.644529e+001
6.697189e-001 3.192885e+001 4.507227e+001
6.766316e-001 3.194481e+001 4.369929e+001
6.692330e-001 3.185673e+001 4.232909e+001
6.558169e-001 3.153784e+001 4.099351e+001
6.483626e-001 3.110568e+001 3.969024e+001
2.282634e+000 2.626239e+001 5.161782e+001
2.291049e+000 2.625858e+001 5.150422e+001
2.326557e+000 2.619843e+001 5.141132e+001
2.348108e+000 2.616223e+001 5.130419e+001
2.410051e+000 2.585598e+001 5.080310e+001
2.555912e+000 2.575433e+001 5.023995e+001
2.591588e+000 2.553946e+001 4.969108e+001
2.572307e+000 2.548470e+001 4.879700e+001
2.483784e+000 2.544661e+001 4.790624e+001
2.351822e+000 2.521647e+001 4.705046e+001
-1.245565e+000 2.621900e+001 5.150821e+001
-1.355937e+000 2.628684e+001 5.142549e+001
-1.400272e+000 2.623218e+001 5.128884e+001
-1.434549e+000 2.610862e+001 5.120407e+001
-1.552926e+000 2.604672e+001 5.069531e+001
-1.649591e+000 2.592286e+001 5.019329e+001
-1.693127e+000 2.576658e+001 4.969294e+001
-1.658146e+000 2.559112e+001 4.881562e+001
-1.621132e+000 2.555097e+001 4.792189e+001
-1.487626e+000 2.533139e+001 4.706418e+001
