[individuals]
1
[dimensions]
3
[landmarks]
48
[rawpoints]
'#1
-6.177806e-001 1.904660e+001 -7.581980e+001
-5.453320e-001 1.797544e+001 -7.634691e+001
-2.746342e+000 1.833531e+001 -8.361538e+001
2.490501e+000 1.829996e+001 -8.332288e+001
-9.552202e-002 1.955269e+001 -8.496032e+001
-1.313273e+000 1.904000e+001 -7.892975e+001
5.638901e-001 1.900531e+001 -7.878747e+001
-2.274729e+000 1.970831e+001 -8.072397e+001
-1.593454e+000 1.810089e+001 -7.917279e+001
8.627914e-001 1.826294e+001 -7.909700e+001
1.729781e+000 1.968166e+001 -8.043449e+001
-1.139431e+000 1.877488e+001 -7.877552e+001
3.625270e-001 1.876681e+001 -7.862804e+001
-1.938739e+000 1.975500e+001 -8.486246e+001
1.786554e+000 1.976956e+001 -8.465088e+001
-1.541626e+000 2.072094e+001 -8.467022e+001
1.352977e+000 2.071065e+001 -8.456996e+001
-8.809900e-003 1.867983e+001 -8.583717e+001
-6.954200e-001 1.913798e+001 -8.552088e+001
6.842204e-001 1.914632e+001 -8.543788e+001
-3.649339e-001 1.673922e+001 -7.958556e+001
-3.228333e-001 1.647843e+001 -8.049895e+001
-2.875920e-001 1.618731e+001 -8.140344e+001
-2.572146e-001 1.596637e+001 -8.232767e+001
-2.357374e-001 1.588721e+001 -8.327494e+001
-1.850748e-001 1.608541e+001 -8.420348e+001
-1.105803e-001 1.662496e+001 -8.498286e+001
-4.204688e-002 1.698260e+001 -8.586111e+001
-1.195714e+000 1.896299e+001 -7.849980e+001
-1.230007e+000 1.902768e+001 -7.855499e+001
-1.247292e+000 1.910578e+001 -7.859982e+001
-1.267390e+000 1.918564e+001 -7.864014e+001
-1.305475e+000 1.936650e+001 -7.901356e+001
-1.346643e+000 1.936317e+001 -7.942815e+001
-1.362262e+000 1.945678e+001 -7.983386e+001
-1.374194e+000 1.955168e+001 -8.027000e+001
-1.376272e+000 1.961843e+001 -8.071150e+001
-1.340605e+000 1.980203e+001 -8.111696e+001
4.097441e-001 1.893882e+001 -7.833980e+001
4.212314e-001 1.897769e+001 -7.842033e+001
4.495429e-001 1.906105e+001 -7.843980e+001
4.717068e-001 1.914590e+001 -7.846078e+001
5.406201e-001 1.931837e+001 -7.881980e+001
5.838355e-001 1.934671e+001 -7.924138e+001
6.388132e-001 1.942568e+001 -7.964435e+001
6.983498e-001 1.953342e+001 -8.008330e+001
7.596640e-001 1.960997e+001 -8.052849e+001
7.956102e-001 1.979626e+001 -8.094303e+001
