[individuals]
1
[dimensions]
3
[landmarks]
48
[rawpoints]
'#1
7.370118e-001 4.025903e+000 -2.922498e+000
2.445681e+000 3.390826e+000 -3.273551e+000
2.667550e+000 -6.863420e+000 6.455185e-001
1.294927e+000 -7.456218e+000 -5.879130e+000
2.384411e-001 -8.659698e+000 -2.135369e+000
1.011528e+000 -1.187318e+000 -1.262285e+000
3.876049e-001 -1.286855e+000 -4.168707e+000
7.988199e-001 -2.996840e+000 5.976086e-001
2.125336e+000 -1.535040e+000 -1.167271e+000
1.662449e+000 -1.747789e+000 -4.668086e+000
-5.804676e-001 -3.401739e+000 -5.469839e+000
1.090178e+000 -8.016585e-001 -1.567286e+000
4.936112e-001 -9.110641e-001 -3.898031e+000
1.122389e+000 -8.189929e+000 4.315811e-001
-2.016859e-001 -8.756865e+000 -4.761895e+000
-8.996893e-001 -8.439885e+000 3.240967e-003
-1.668015e+000 -8.806842e+000 -3.834832e+000
1.249298e+000 -9.676149e+000 -2.211256e+000
7.765217e-001 -9.279483e+000 -1.337523e+000
4.945847e-001 -9.431559e+000 -3.010729e+000
4.113576e+000 -2.190187e+000 -3.432153e+000
4.279650e+000 -3.311199e+000 -3.479059e+000
4.402968e+000 -4.438622e+000 -3.471365e+000
4.632449e+000 -5.549121e+000 -3.490765e+000
4.675225e+000 -6.678695e+000 -3.398137e+000
4.455893e+000 -7.776250e+000 -3.214537e+000
4.030998e+000 -8.801522e+000 -2.981070e+000
3.683654e+000 -9.868665e+000 -2.816966e+000
6.761997e-001 -7.208868e-001 -1.502206e+000
6.368204e-001 -8.345009e-001 -1.469447e+000
5.968020e-001 -9.485765e-001 -1.439183e+000
6.532978e-001 -1.051659e+000 -1.397786e+000
7.180563e-001 -1.577096e+000 -1.206991e+000
4.768805e-001 -2.062967e+000 -1.057135e+000
3.137051e-001 -2.577887e+000 -8.992746e-001
2.111359e-001 -2.989252e+000 -8.054262e-001
1.303496e-001 -3.410899e+000 -7.403427e-001
3.906953e-002 -3.834043e+000 -7.062594e-001
1.349976e-001 -8.676044e-001 -3.778779e+000
1.157099e-001 -9.723574e-001 -3.904859e+000
8.587378e-002 -1.120630e+000 -3.970952e+000
9.249420e-002 -1.284390e+000 -3.990487e+000
3.530301e-001 -1.873583e+000 -4.017251e+000
-2.058152e-001 -2.199566e+000 -4.057801e+000
-3.922157e-001 -2.817965e+000 -4.083521e+000
-5.074245e-001 -3.243832e+000 -4.058032e+000
-5.693457e-001 -3.680506e+000 -4.030234e+000
-6.628975e-001 -4.103363e+000 -3.942281e+000
