[individuals]
1
[dimensions]
3
[landmarks]
48
[rawpoints]
'#1
-2.721157e+000 -9.683537e+000 -8.874819e+000
-2.821155e+000 -7.701947e+000 -8.796778e+000
9.686737e-002 -4.908579e+000 2.557623e+000
6.336209e+000 -4.739737e+000 -1.144033e+000
4.305035e+000 -6.393954e+000 2.758822e+000
-1.105665e+000 -7.689690e+000 -3.765282e+000
1.252475e+000 -7.560104e+000 -5.330814e+000
-1.269611e+000 -7.655803e+000 -1.059246e+000
-1.413175e+000 -6.391724e+000 -3.387315e+000
1.685084e+000 -6.330352e+000 -5.369861e+000
3.734056e+000 -7.481502e+000 -4.234698e+000
-1.248059e+000 -7.586272e+000 -4.329672e+000
6.980947e-001 -7.535718e+000 -5.595672e+000
2.086652e+000 -6.690697e+000 4.291663e+000
6.421624e+000 -6.481026e+000 1.423890e+000
2.859174e+000 -8.057702e+000 4.105502e+000
6.313042e+000 -7.856377e+000 1.918201e+000
4.785719e+000 -4.969499e+000 3.398502e+000
3.854048e+000 -5.563353e+000 3.628029e+000
5.461864e+000 -5.514630e+000 2.706797e+000
-2.751815e-001 -3.919961e+000 -4.894559e+000
3.991027e-001 -3.592981e+000 -3.850441e+000
1.058149e+000 -3.139012e+000 -2.844781e+000
1.677708e+000 -2.572017e+000 -1.871936e+000
2.271212e+000 -2.080256e+000 -8.434889e-001
2.890005e+000 -1.974343e+000 2.779562e-001
3.536507e+000 -2.124795e+000 1.378483e+000
4.230863e+000 -2.413008e+000 2.420867e+000
-1.240957e+000 -8.061605e+000 -4.382114e+000
-1.262974e+000 -8.127993e+000 -4.323730e+000
-1.211129e+000 -8.134720e+000 -4.148047e+000
-1.146198e+000 -8.118042e+000 -3.976235e+000
-1.010241e+000 -7.905673e+000 -3.517596e+000
-7.721236e-001 -7.869287e+000 -3.052905e+000
-5.318004e-001 -7.835967e+000 -2.589157e+000
-2.583293e-001 -7.775676e+000 -2.053706e+000
4.729353e-002 -7.718853e+000 -1.535428e+000
3.437656e-001 -7.897215e+000 -1.039966e+000
7.689409e-001 -7.950368e+000 -5.657361e+000
8.828675e-001 -7.953249e+000 -5.572968e+000
9.825705e-001 -8.022632e+000 -5.499782e+000
1.074530e+000 -7.998476e+000 -5.394566e+000
1.367203e+000 -7.827721e+000 -5.034214e+000
1.695170e+000 -7.776601e+000 -4.667510e+000
1.995923e+000 -7.762115e+000 -4.275073e+000
2.371991e+000 -7.714539e+000 -3.780965e+000
2.738394e+000 -7.631429e+000 -3.284290e+000
3.074165e+000 -7.767519e+000 -2.777763e+000
