[individuals]
1
[dimensions]
3
[landmarks]
48
[rawpoints]
'#1
2.075861e-001 2.538559e+001 -6.289373e+000
2.066468e-001 2.767176e+001 -6.805865e+000
3.749931e+000 2.901823e+001 -1.962496e+001
-4.077996e+000 2.919906e+001 -1.936966e+001
-2.656263e-001 2.672480e+001 -2.150193e+001
1.810764e+000 2.634924e+001 -1.203684e+001
-1.800372e+000 2.657170e+001 -1.189996e+001
3.580056e+000 2.550321e+001 -1.519369e+001
2.210406e+000 2.795134e+001 -1.273375e+001
-2.245743e+000 2.800500e+001 -1.257846e+001
-3.570778e+000 2.559890e+001 -1.503043e+001
1.231545e+000 2.669201e+001 -1.178130e+001
-1.327451e+000 2.677577e+001 -1.174989e+001
2.543104e+000 2.677250e+001 -2.152938e+001
-3.120815e+000 2.695802e+001 -2.124703e+001
1.943000e+000 2.411090e+001 -2.121564e+001
-2.566814e+000 2.426019e+001 -2.112555e+001
-4.113299e-001 2.811861e+001 -2.250009e+001
6.340379e-001 2.746379e+001 -2.222425e+001
-1.304028e+000 2.749822e+001 -2.216443e+001
-2.066643e-002 3.162669e+001 -1.589554e+001
-4.830847e-002 3.163810e+001 -1.676077e+001
-6.741738e-002 3.177144e+001 -1.761603e+001
-9.908898e-002 3.182411e+001 -1.847963e+001
-1.380075e-001 3.181058e+001 -1.934440e+001
-1.833276e-001 3.160757e+001 -2.018484e+001
-2.229390e-001 3.139906e+001 -2.102420e+001
-2.579904e-001 3.126400e+001 -2.187867e+001
1.358737e+000 2.641614e+001 -1.138257e+001
1.464651e+000 2.629779e+001 -1.148834e+001
1.627682e+000 2.621322e+001 -1.154017e+001
1.752828e+000 2.610791e+001 -1.163848e+001
1.883747e+000 2.587687e+001 -1.220843e+001
1.894983e+000 2.594387e+001 -1.283354e+001
1.901530e+000 2.582920e+001 -1.345176e+001
1.900105e+000 2.575392e+001 -1.428382e+001
1.874650e+000 2.570387e+001 -1.511743e+001
1.782798e+000 2.540019e+001 -1.589034e+001
-1.376410e+000 2.653366e+001 -1.129914e+001
-1.507373e+000 2.656820e+001 -1.138273e+001
-1.626464e+000 2.646363e+001 -1.136800e+001
-1.742769e+000 2.637161e+001 -1.142577e+001
-1.896153e+000 2.597873e+001 -1.198272e+001
-1.903173e+000 2.608080e+001 -1.267384e+001
-1.885699e+000 2.590790e+001 -1.335053e+001
-1.943400e+000 2.582539e+001 -1.416833e+001
-1.973091e+000 2.575076e+001 -1.498833e+001
-1.965684e+000 2.545625e+001 -1.575781e+001
