[individuals]
1
[dimensions]
3
[landmarks]
48
[rawpoints]
'#1
4.447561e-001 1.917995e+001 -7.570007e+001
4.520525e-001 1.727234e+001 -7.647066e+001
-2.963670e+000 1.890338e+001 -8.675504e+001
3.910194e+000 1.890426e+001 -8.700943e+001
5.078610e-001 2.102639e+001 -8.862354e+001
-9.235811e-001 1.922406e+001 -8.059875e+001
1.832437e+000 1.922512e+001 -8.067445e+001
-2.366387e+000 2.032357e+001 -8.279877e+001
-1.248475e+000 1.841033e+001 -8.106734e+001
2.167525e+000 1.824243e+001 -8.109761e+001
3.283850e+000 2.036540e+001 -8.277273e+001
-5.912859e-001 1.910259e+001 -8.011549e+001
1.481752e+000 1.909071e+001 -8.018991e+001
-1.926551e+000 2.117903e+001 -8.838107e+001
3.069771e+000 2.136023e+001 -8.829308e+001
-1.331533e+000 2.233612e+001 -8.820982e+001
2.368062e+000 2.246313e+001 -8.810910e+001
4.869405e-001 1.997186e+001 -8.977190e+001
-2.885118e-001 2.044966e+001 -8.943299e+001
1.292781e+000 2.034316e+001 -8.943497e+001
4.555289e-001 1.609140e+001 -8.195103e+001
4.729361e-001 1.619584e+001 -8.312120e+001
4.967037e-001 1.618962e+001 -8.429590e+001
5.287014e-001 1.613320e+001 -8.546906e+001
5.603734e-001 1.621934e+001 -8.664049e+001
5.884084e-001 1.639795e+001 -8.780145e+001
5.727710e-001 1.698376e+001 -8.881975e+001
5.638763e-001 1.741293e+001 -8.991348e+001
-5.973238e-001 1.954265e+001 -8.002180e+001
-7.032900e-001 1.952243e+001 -8.015475e+001
-7.980987e-001 1.960011e+001 -8.027431e+001
-8.379817e-001 1.967566e+001 -8.042268e+001
-9.343437e-001 1.974518e+001 -8.083438e+001
-1.000252e+000 1.985647e+001 -8.124288e+001
-1.022884e+000 2.000870e+001 -8.164279e+001
-1.056766e+000 2.012492e+001 -8.221942e+001
-1.055434e+000 2.021251e+001 -8.280208e+001
-9.955984e-001 2.046926e+001 -8.332899e+001
1.409199e+000 1.948632e+001 -8.008912e+001
1.363214e+000 1.899814e+001 -8.008678e+001
1.353717e+000 1.938221e+001 -8.022462e+001
1.648794e+000 1.964947e+001 -8.043417e+001
1.793807e+000 1.970566e+001 -8.085839e+001
1.867771e+000 1.987088e+001 -8.127238e+001
1.907866e+000 2.004331e+001 -8.168812e+001
1.959818e+000 2.014575e+001 -8.224596e+001
1.970377e+000 2.024302e+001 -8.280704e+001
1.937147e+000 2.047632e+001 -8.332554e+001
