[individuals]
1
[dimensions]
3
[landmarks]
48
[rawpoints]
'#1
9999 9999 9999
9999 9999 9999
3.638978e+000 -7.634085e+000 -1.483473e+000
9999 9999 9999
6.285960e+000 -8.609785e+000 -4.035104e+000
-5.600729e-001 -8.617106e+000 -4.308044e+000
3.818474e-002 -8.314486e+000 -6.882033e+000
4.953827e-001 -8.442220e+000 -3.409789e+000
-7.887268e-001 -7.465894e+000 -3.858215e+000
7.381439e-004 -7.057430e+000 -7.122615e+000
1.295906e+000 -8.008873e+000 -7.148813e+000
-1.209991e+000 -8.438153e+000 -4.527270e+000
-6.083767e-001 -8.082399e+000 -7.005352e+000
5.324404e+000 -9.282785e+000 -1.881197e+000
9999 9999 9999
6.058491e+000 -9.004811e+000 -2.524476e+000
9999 9999 9999
6.819009e+000 -7.596048e+000 -3.756161e+000
6.624415e+000 -8.191706e+000 -3.211580e+000
6.979580e+000 -8.397305e+000 -4.574304e+000
-1.233368e-002 -5.838303e+000 -5.096081e+000
9.364680e-001 -5.675931e+000 -4.872439e+000
1.872160e+000 -5.455054e+000 -4.643642e+000
2.800387e+000 -5.197784e+000 -4.422791e+000
3.755721e+000 -5.088217e+000 -4.194883e+000
4.713300e+000 -5.181454e+000 -3.968907e+000
5.610909e+000 -5.553123e+000 -3.787880e+000
6.549570e+000 -5.783825e+000 -3.582306e+000
-1.167588e+000 -8.856608e+000 -4.588476e+000
-1.048224e+000 -8.896892e+000 -4.579258e+000
-9.270977e-001 -8.931095e+000 -4.568521e+000
-8.028099e-001 -8.951041e+000 -4.557977e+000
-4.483498e-001 -8.858698e+000 -4.367904e+000
-4.974105e-002 -8.858842e+000 -4.260987e+000
3.493594e-001 -8.930362e+000 -4.184134e+000
7.826334e-001 -8.866917e+000 -4.054521e+000
1.225272e+000 -8.864471e+000 -3.942230e+000
1.662065e+000 -8.928261e+000 -3.825212e+000
-5.483540e-001 -8.591970e+000 -7.009311e+000
-4.937235e-001 -8.406765e+000 -6.844183e+000
-2.629268e-001 -8.472016e+000 -6.771686e+000
-1.570726e-001 -8.673348e+000 -6.885106e+000
1.894420e-001 -8.487481e+000 -6.764846e+000
5.799063e-001 -8.593212e+000 -6.690981e+000
9.820588e-001 -8.658923e+000 -6.635907e+000
1.413481e+000 -8.574320e+000 -6.531154e+000
1.848709e+000 -8.543537e+000 -6.413217e+000
2.287159e+000 -8.624298e+000 -6.339022e+000
