[individuals]
1
[dimensions]
3
[landmarks]
48
[rawpoints]
'#1
1.697965e+003 2.337478e+003 7.932662e+003
2.654923e+003 2.385948e+003 7.806241e+003
2.378020e+003 3.568223e+002 2.391358e+003
2.191990e+003 4.260202e+003 2.337925e+003
1.214995e+003 2.171671e+003 1.337423e+003
1.800737e+003 1.464677e+003 5.577567e+003
1.736818e+003 3.112992e+003 5.558919e+003
1.510549e+003 7.673258e+002 4.453804e+003
2.299139e+003 1.252574e+003 5.320732e+003
2.345571e+003 3.438466e+003 5.261101e+003
1.289507e+003 3.803617e+003 4.362490e+003
1.859184e+003 1.664695e+003 5.759612e+003
1.827376e+003 2.943713e+003 5.722581e+003
1.719424e+003 8.728113e+002 1.328298e+003
6.645492e+002 1.100034e+003 1.442532e+003
1.438847e+003 1.082401e+003 1.083351e+003
5.407404e+002 3.267998e+003 1.438893e+003
1.851078e+003 2.251172e+003 5.091432e+002
1.576288e+003 1.705851e+003 8.558449e+002
1.518325e+003 2.768762e+003 8.739111e+002
3.341592e+003 2.459179e+003 4.850903e+003
3.334343e+003 2.442748e+003 4.244813e+003
3.327094e+003 2.426318e+003 3.638723e+003
3.319845e+003 2.409887e+003 3.032633e+003
3.312596e+003 2.393457e+003 2.426542e+003
3.305347e+003 2.377026e+003 1.820452e+003
3.298098e+003 2.360595e+003 1.214362e+003
3.290850e+003 2.344165e+003 6.082719e+002
1.654048e+003 1.646555e+003 5.831151e+003
1.656488e+003 1.607581e+003 5.788695e+003
1.622032e+003 1.579605e+003 5.751848e+003
1.581356e+003 1.566690e+003 5.713037e+003
1.553454e+003 1.510507e+003 5.463769e+003
1.513515e+003 1.464719e+003 5.213996e+003
1.451659e+003 1.453632e+003 4.964751e+003
1.479552e+003 1.425719e+003 4.620352e+003
1.501967e+003 1.470120e+003 4.277284e+003
1.327561e+003 1.498622e+003 3.979053e+003
1.628840e+003 2.907064e+003 5.788500e+003
1.604997e+003 2.966849e+003 5.748646e+003
1.551187e+003 2.996816e+003 5.704626e+003
1.524379e+003 3.020327e+003 5.637843e+003
1.510698e+003 3.027302e+003 5.389261e+003
1.441888e+003 3.066701e+003 5.153162e+003
1.380970e+003 3.074496e+003 4.911798e+003
1.393004e+003 3.097588e+003 4.570274e+003
1.407671e+003 3.101701e+003 4.228100e+003
1.239957e+003 3.042857e+003 3.935306e+003
