[individuals]
1
[dimensions]
3
[landmarks]
48
[rawpoints]
'#1
-2.895177e+000 -7.267014e+000 -1.037041e+000
-3.138454e+000 -5.718184e+000 -9.925022e-001
5.226461e+000 -5.117181e+000 -3.720306e-001
4.244637e+000 -5.069676e+000 -5.182076e+000
6.092552e+000 -6.382510e+000 -3.126023e+000
1.311603e-001 -6.820241e+000 -8.783692e-001
-2.721655e-001 -6.774961e+000 -2.583562e+000
2.295055e+000 -6.802274e+000 -2.185207e-001
9.502548e-001 -5.985664e+000 -5.306084e-001
2.370577e-001 -5.794921e+000 -3.215761e+000
1.405357e+000 -6.721193e+000 -4.102849e+000
-2.311141e-001 -6.747304e+000 -9.243652e-001
-5.737807e-001 -6.751109e+000 -2.437148e+000
6.450655e+000 -6.112113e+000 -1.211869e+000
5.637370e+000 -5.982254e+000 -5.180611e+000
6.646488e+000 -7.305896e+000 -1.755490e+000
5.915752e+000 -7.164655e+000 -4.737328e+000
6.864552e+000 -5.374532e+000 -3.324805e+000
6.720934e+000 -5.819338e+000 -2.635611e+000
6.377170e+000 -5.790793e+000 -4.025149e+000
8.012043e-001 -3.579499e+000 -1.848228e+000
1.627046e+000 -3.469110e+000 -2.054546e+000
2.455131e+000 -3.376596e+000 -2.260808e+000
3.250833e+000 -3.128307e+000 -2.465901e+000
4.086440e+000 -3.140509e+000 -2.661557e+000
4.921297e+000 -3.217605e+000 -2.845845e+000
5.718884e+000 -3.497426e+000 -2.995444e+000
6.535448e+000 -3.704958e+000 -3.159504e+000
-2.778844e-001 -6.996028e+000 -9.571497e-001
-1.859396e-001 -6.994293e+000 -1.010556e+000
-8.271676e-002 -7.012540e+000 -1.028478e+000
2.233887e-002 -7.027416e+000 -1.035636e+000
3.866848e-001 -6.938739e+000 -9.470375e-001
7.685837e-001 -6.951724e+000 -8.976612e-001
1.152511e+000 -6.979721e+000 -8.809813e-001
1.629559e+000 -7.010367e+000 -9.219364e-001
2.097083e+000 -7.076609e+000 -1.006812e+000
2.530073e+000 -7.220892e+000 -1.154791e+000
-5.557720e-001 -6.923314e+000 -2.310709e+000
-5.096759e-001 -6.948528e+000 -2.363055e+000
-4.470479e-001 -6.981912e+000 -2.384605e+000
-3.880308e-001 -7.014006e+000 -2.416037e+000
-5.643757e-002 -6.961414e+000 -2.636317e+000
2.755498e-001 -6.910934e+000 -2.856514e+000
6.372606e-001 -6.916260e+000 -3.030816e+000
1.082662e+000 -6.889487e+000 -3.210042e+000
1.549829e+000 -6.942464e+000 -3.310762e+000
1.994569e+000 -7.119844e+000 -3.355118e+000
