[individuals]
1
[dimensions]
3
[landmarks]
48
[rawpoints]
'#1
-3.328830e+000 -7.458819e+000 -1.781755e+000
-3.187871e+000 -6.267002e+000 -1.633313e+000
4.359156e+000 -6.382098e+000 3.521713e-001
4.267574e+000 -6.324595e+000 -5.060347e+000
5.944024e+000 -7.640143e+000 -2.660182e+000
6.584258e-002 -7.038639e+000 -8.702070e-001
-1.966780e-001 -6.934628e+000 -3.114896e+000
1.732896e+000 -7.218465e+000 -1.309139e-001
2.091254e-001 -6.133428e+000 -8.426415e-001
-3.802719e-002 -6.066225e+000 -3.207870e+000
1.246261e+000 -7.126437e+000 -4.145922e+000
-5.703802e-001 -7.038411e+000 -9.795784e-001
-6.803344e-001 -6.931757e+000 -2.806632e+000
6.032453e+000 -7.584760e+000 -5.949489e-001
5.500715e+000 -7.548945e+000 -4.614943e+000
5.995016e+000 -8.479374e+000 -1.178838e+000
5.684506e+000 -8.477487e+000 -4.019303e+000
6.720161e+000 -6.831836e+000 -2.706728e+000
6.434326e+000 -7.259799e+000 -2.031031e+000
6.261133e+000 -7.147621e+000 -3.321329e+000
1.115842e+000 -4.614572e+000 -1.988993e+000
1.936466e+000 -4.430480e+000 -2.074320e+000
2.722486e+000 -4.130744e+000 -2.157423e+000
3.544435e+000 -3.958789e+000 -2.253986e+000
4.382172e+000 -3.997873e+000 -2.359897e+000
5.183755e+000 -4.245168e+000 -2.464113e+000
5.895306e+000 -4.692787e+000 -2.553035e+000
6.635520e+000 -5.093884e+000 -2.628747e+000
-4.829907e-001 -7.275997e+000 -1.003536e+000
-3.293824e-001 -7.229152e+000 -9.357797e-001
-1.580835e-001 -7.225728e+000 -9.037261e-001
8.867359e-003 -7.270963e+000 -8.821840e-001
3.431579e-001 -7.255264e+000 -8.755566e-001
6.630142e-001 -7.350795e+000 -9.002434e-001
9.965256e-001 -7.368095e+000 -9.228123e-001
1.499469e+000 -7.379226e+000 -9.558738e-001
1.985319e+000 -7.463877e+000 -1.060563e+000
2.453002e+000 -7.606719e+000 -1.183166e+000
-5.915812e-001 -7.095277e+000 -2.757516e+000
-4.244006e-001 -7.083047e+000 -2.787796e+000
-2.634575e-001 -7.068144e+000 -2.841562e+000
-1.055883e-001 -7.062902e+000 -2.905341e+000
1.801320e-001 -7.056578e+000 -3.046127e+000
4.718874e-001 -7.127402e+000 -3.152716e+000
7.714989e-001 -7.208557e+000 -3.224464e+000
1.255049e+000 -7.271938e+000 -3.268578e+000
1.739829e+000 -7.340959e+000 -3.265192e+000
2.195401e+000 -7.516900e+000 -3.229352e+000
