[individuals]
1
[dimensions]
3
[landmarks]
48
[rawpoints]
'#1
-2.527295e+000 -8.280610e+000 -5.237649e+000
-2.551909e+000 -7.191794e+000 -5.159045e+000
3.675266e+000 -6.502928e+000 -8.205703e-001
5.127490e+000 -6.322059e+000 -5.364563e+000
5.836716e+000 -7.438426e+000 -2.693789e+000
-1.357044e-001 -7.709140e+000 -3.559730e+000
6.065677e-001 -7.485643e+000 -5.248674e+000
1.315031e+000 -7.803695e+000 -2.064828e+000
4.564587e-001 -6.851115e+000 -3.045221e+000
1.024009e+000 -6.697034e+000 -5.286939e+000
2.410630e+000 -7.643038e+000 -5.743114e+000
-4.641109e-001 -7.659897e+000 -3.848110e+000
3.049116e-002 -7.625630e+000 -5.210269e+000
5.036183e+000 -7.485713e+000 -9.124260e-001
6.271566e+000 -7.364196e+000 -4.557298e+000
5.237448e+000 -8.505950e+000 -1.683040e+000
5.786442e+000 -8.464033e+000 -3.873958e+000
6.500589e+000 -6.510441e+000 -2.484795e+000
6.063512e+000 -7.033544e+000 -2.086615e+000
6.448212e+000 -7.147044e+000 -3.175823e+000
1.177683e+000 -5.347313e+000 -3.955267e+000
1.941672e+000 -5.095808e+000 -3.793409e+000
2.648758e+000 -4.705251e+000 -3.649785e+000
3.400895e+000 -4.448117e+000 -3.446809e+000
4.182611e+000 -4.397891e+000 -3.202810e+000
4.952105e+000 -4.535830e+000 -2.953911e+000
5.630464e+000 -4.945357e+000 -2.741118e+000
6.355256e+000 -5.275331e+000 -2.543828e+000
-4.351249e-001 -8.012683e+000 -3.838916e+000
-2.988920e-001 -8.022524e+000 -3.768778e+000
-1.707834e-001 -8.021692e+000 -3.684140e+000
-5.783214e-002 -7.952550e+000 -3.606439e+000
2.033459e-001 -7.721757e+000 -3.428942e+000
5.184569e-001 -7.759622e+000 -3.200336e+000
8.734754e-001 -7.781765e+000 -3.037652e+000
1.310748e+000 -7.803809e+000 -2.898391e+000
1.755275e+000 -7.833704e+000 -2.786268e+000
2.197722e+000 -7.949353e+000 -2.742061e+000
1.544228e-001 -7.895425e+000 -5.328622e+000
2.742335e-001 -7.843984e+000 -5.384528e+000
4.157860e-001 -7.835237e+000 -5.388045e+000
5.559741e-001 -7.813480e+000 -5.387054e+000
8.411978e-001 -7.577377e+000 -5.231639e+000
1.214386e+000 -7.430882e+000 -5.254586e+000
1.576968e+000 -7.602873e+000 -5.239808e+000
1.992643e+000 -7.679862e+000 -5.057840e+000
2.394045e+000 -7.740508e+000 -4.841018e+000
2.752788e+000 -7.894361e+000 -4.597171e+000
