[individuals]
1
[dimensions]
3
[landmarks]
48
[rawpoints]
'#1
-3.274020e+000 -6.724177e+000 -5.122016e+000
-3.276356e+000 -5.625178e+000 -5.244023e+000
4.634900e+000 -4.685615e+000 -2.078816e+000
4.869023e+000 -4.809075e+000 -7.408589e+000
6.190546e+000 -5.872298e+000 -4.587706e+000
-6.335945e-002 -6.007952e+000 -3.925153e+000
-6.852780e-002 -6.142353e+000 -5.989591e+000
1.741104e+000 -6.168170e+000 -2.882756e+000
4.119009e-001 -5.233690e+000 -3.695117e+000
4.327429e-001 -5.366033e+000 -6.262327e+000
1.806943e+000 -6.233318e+000 -6.950865e+000
-6.415974e-001 -6.000350e+000 -4.284326e+000
-5.559450e-001 -6.132459e+000 -5.862525e+000
5.949201e+000 -5.819417e+000 -2.651612e+000
6.188945e+000 -5.953639e+000 -6.607577e+000
6.000293e+000 -6.799815e+000 -3.056455e+000
6.032511e+000 -6.887714e+000 -6.094497e+000
7.059676e+000 -5.079068e+000 -4.647937e+000
6.665572e+000 -5.606003e+000 -4.010101e+000
6.697144e+000 -5.490634e+000 -5.259478e+000
1.206571e+000 -3.821130e+000 -4.962708e+000
2.111442e+000 -3.744633e+000 -4.929872e+000
3.016313e+000 -3.668137e+000 -4.897035e+000
3.921184e+000 -3.591641e+000 -4.864198e+000
4.826055e+000 -3.515145e+000 -4.831361e+000
5.730926e+000 -3.438649e+000 -4.798525e+000
6.635797e+000 -3.362153e+000 -4.765688e+000
7.540667e+000 -3.285657e+000 -4.732852e+000
-4.838856e-001 -6.278464e+000 -4.222790e+000
-4.300496e-001 -6.281725e+000 -4.113399e+000
-3.178458e-001 -6.273585e+000 -4.066283e+000
-2.014771e-001 -6.275814e+000 -4.029824e+000
1.411300e-001 -6.246980e+000 -3.950016e+000
4.870663e-001 -6.221247e+000 -3.884876e+000
8.360980e-001 -6.254709e+000 -3.844326e+000
1.309987e+000 -6.216964e+000 -3.754806e+000
1.790486e+000 -6.254638e+000 -3.713580e+000
2.253278e+000 -6.394825e+000 -3.699928e+000
-4.283434e-001 -6.501666e+000 -5.842708e+000
-3.105163e-001 -6.454763e+000 -5.914609e+000
-1.696334e-001 -6.490223e+000 -5.902470e+000
-4.976158e-002 -6.413356e+000 -5.933707e+000
2.873807e-001 -6.334927e+000 -5.969185e+000
6.315367e-001 -6.283843e+000 -5.973922e+000
9.787912e-001 -6.294439e+000 -5.954480e+000
1.458674e+000 -6.277520e+000 -5.951137e+000
1.937636e+000 -6.304153e+000 -5.928924e+000
2.395697e+000 -6.443318e+000 -5.891581e+000
