[individuals]
1
[dimensions]
3
[landmarks]
48
[rawpoints]
'#1
6.121091e+000 -7.972134e+000 -6.506404e+000
6.074965e+000 -7.021364e+000 -6.341441e+000
-2.355032e+000 -6.482982e+000 -6.708092e+000
-3.262726e-001 -7.446667e+000 -1.693411e+000
-2.764580e+000 -8.166091e+000 -4.108228e+000
2.367614e+000 -7.623294e+000 -6.602475e+000
3.004068e+000 -8.025256e+000 -4.388712e+000
8.579464e-001 -7.781738e+000 -7.117479e+000
2.353615e+000 -6.966573e+000 -6.564916e+000
2.987786e+000 -7.343874e+000 -4.169482e+000
1.785172e+000 -8.134763e+000 -3.182597e+000
3.033711e+000 -7.640831e+000 -6.599275e+000
3.569366e+000 -7.883026e+000 -4.659812e+000
-3.134586e+000 -7.867796e+000 -5.910216e+000
-2.190375e+000 -8.473249e+000 -2.302624e+000
-3.217133e+000 -8.838797e+000 -5.581838e+000
-2.452659e+000 -9.302899e+000 -2.816923e+000
-3.521438e+000 -7.230653e+000 -3.739413e+000
-3.309922e+000 -7.504766e+000 -4.579739e+000
-2.899114e+000 -7.717142e+000 -3.260486e+000
2.051939e+000 -5.625789e+000 -5.010223e+000
1.261646e+000 -5.334935e+000 -4.731772e+000
4.897254e-001 -4.991093e+000 -4.462457e+000
-3.408170e-001 -4.797013e+000 -4.218843e+000
-1.199053e+000 -4.768738e+000 -3.996695e+000
-2.044524e+000 -4.957125e+000 -3.805910e+000
-2.762677e+000 -5.459659e+000 -3.670301e+000
-3.508577e+000 -5.910673e+000 -3.506172e+000
2.954664e+000 -7.947630e+000 -6.617344e+000
2.786881e+000 -7.922466e+000 -6.585363e+000
2.617221e+000 -7.908717e+000 -6.556447e+000
2.446716e+000 -7.900996e+000 -6.530437e+000
2.106616e+000 -7.863060e+000 -6.499437e+000
1.765850e+000 -7.882774e+000 -6.459879e+000
1.439621e+000 -7.952502e+000 -6.377493e+000
1.006557e+000 -8.007288e+000 -6.245979e+000
5.761870e-001 -8.032362e+000 -6.097586e+000
1.630099e-001 -8.118922e+000 -5.925440e+000
3.490592e+000 -8.316706e+000 -4.661515e+000
3.426564e+000 -8.042414e+000 -4.736988e+000
3.165992e+000 -8.167807e+000 -4.713854e+000
3.040216e+000 -8.361368e+000 -4.535881e+000
2.778473e+000 -8.159709e+000 -4.396583e+000
2.458974e+000 -8.226645e+000 -4.248198e+000
2.118382e+000 -8.306467e+000 -4.169390e+000
1.640891e+000 -8.326415e+000 -4.078996e+000
1.158443e+000 -8.336022e+000 -4.018140e+000
6.861838e-001 -8.451823e+000 -4.007304e+000
