[individuals]
1
[dimensions]
3
[landmarks]
48
[rawpoints]
'#1
-3.574361e+000 -8.350667e+000 -4.679343e+000
-3.228110e+000 -6.834931e+000 -4.809444e+000
5.079780e+000 -6.429090e+000 -2.469267e+000
5.088116e+000 -6.293540e+000 -7.601302e+000
6.660047e+000 -7.566335e+000 -5.146013e+000
2.047684e-001 -7.747949e+000 -3.820806e+000
1.414261e-001 -7.720435e+000 -5.961635e+000
1.772314e+000 -7.694102e+000 -2.851828e+000
4.771236e-001 -6.922682e+000 -3.615000e+000
3.340649e-001 -6.843356e+000 -6.116833e+000
1.739981e+000 -7.652519e+000 -6.947685e+000
-4.310097e-001 -7.731873e+000 -3.978800e+000
-4.606747e-001 -7.691381e+000 -5.773763e+000
6.372713e+000 -7.679675e+000 -2.977567e+000
6.237275e+000 -7.532911e+000 -7.258769e+000
6.316148e+000 -8.864715e+000 -3.498967e+000
6.203027e+000 -8.731632e+000 -6.650435e+000
7.474635e+000 -6.952289e+000 -5.169153e+000
6.911157e+000 -7.248824e+000 -4.470779e+000
6.916786e+000 -7.215468e+000 -5.807086e+000
4.772843e-001 -5.302918e+000 -4.906843e+000
1.459143e+000 -4.955969e+000 -4.902012e+000
2.427912e+000 -4.574590e+000 -4.925611e+000
3.397841e+000 -4.200642e+000 -4.988656e+000
4.428252e+000 -4.077105e+000 -5.075089e+000
5.458335e+000 -4.214361e+000 -5.143361e+000
6.376880e+000 -4.705016e+000 -5.143129e+000
7.375041e+000 -5.000797e+000 -5.116813e+000
-3.260603e-001 -8.044546e+000 -3.985636e+000
-2.055533e-001 -7.958974e+000 -3.907983e+000
-5.602328e-002 -8.031541e+000 -3.923708e+000
1.103403e-001 -8.021587e+000 -3.913784e+000
4.908412e-001 -7.957828e+000 -3.848122e+000
8.792939e-001 -7.936677e+000 -3.805648e+000
1.265594e+000 -7.998538e+000 -3.795509e+000
1.741322e+000 -8.042900e+000 -3.803299e+000
2.216364e+000 -8.084405e+000 -3.834672e+000
2.673721e+000 -8.213239e+000 -3.885414e+000
-3.116228e-001 -8.052086e+000 -5.690941e+000
-2.309200e-001 -8.053806e+000 -5.799604e+000
-1.051473e-001 -8.040654e+000 -5.847901e+000
2.423945e-002 -8.020478e+000 -5.882194e+000
3.946297e-001 -7.949658e+000 -5.965150e+000
7.725694e-001 -7.900224e+000 -6.026965e+000
1.151067e+000 -7.968053e+000 -6.062100e+000
1.612098e+000 -8.033308e+000 -6.089362e+000
2.078423e+000 -8.041523e+000 -6.083676e+000
2.531233e+000 -8.153212e+000 -6.078258e+000
