[individuals]
1
[dimensions]
3
[landmarks]
48
[rawpoints]
'#1
-3.763870e-001 -8.287979e+000 -3.789751e+000
-6.290138e-001 -7.632033e+000 -3.569887e+000
4.921329e+000 -7.744578e+000 -3.595540e+000
3.729289e+000 -7.667093e+000 -7.245172e+000
5.544585e+000 -8.368810e+000 -5.909454e+000
2.202086e+000 -8.252470e+000 -3.709579e+000
1.582898e+000 -8.201488e+000 -5.377705e+000
2.929396e+000 -8.096861e+000 -3.632257e+000
2.224967e+000 -7.881973e+000 -3.621109e+000
1.570351e+000 -7.832757e+000 -5.512825e+000
2.043613e+000 -8.051281e+000 -5.905190e+000
1.668788e+000 -8.151672e+000 -3.739879e+000
1.235877e+000 -8.139617e+000 -5.132316e+000
5.847760e+000 -8.342519e+000 -4.528832e+000
4.974429e+000 -8.239421e+000 -7.130705e+000
5.887048e+000 -8.553875e+000 -5.030498e+000
5.284814e+000 -8.524170e+000 -6.746256e+000
6.155939e+000 -7.826978e+000 -6.112067e+000
6.104901e+000 -8.163965e+000 -5.577778e+000
5.745396e+000 -8.122249e+000 -6.438404e+000
2.166618e+000 -6.448768e+000 -4.609142e+000
2.767787e+000 -6.311030e+000 -4.857831e+000
3.341845e+000 -6.095248e+000 -5.114987e+000
3.938661e+000 -5.939507e+000 -5.363591e+000
4.561690e+000 -5.928830e+000 -5.595861e+000
5.184287e+000 -6.055211e+000 -5.792388e+000
5.761182e+000 -6.351090e+000 -5.940408e+000
6.284409e+000 -6.747035e+000 -6.048457e+000
1.835969e+000 -8.417799e+000 -3.711711e+000
1.946005e+000 -8.410255e+000 -3.726098e+000
2.054960e+000 -8.423312e+000 -3.744265e+000
2.160242e+000 -8.424698e+000 -3.780120e+000
2.400300e+000 -8.379618e+000 -3.851608e+000
2.637547e+000 -8.376410e+000 -3.943651e+000
2.873742e+000 -8.363848e+000 -4.037609e+000
3.060957e+000 -8.301123e+000 -4.114267e+000
3.254045e+000 -8.288439e+000 -4.200372e+000
3.441617e+000 -8.249269e+000 -4.290591e+000
1.292233e+000 -8.399928e+000 -5.130835e+000
1.390449e+000 -8.394675e+000 -5.200355e+000
1.499866e+000 -8.409738e+000 -5.248385e+000
1.610856e+000 -8.417607e+000 -5.294505e+000
1.823491e+000 -8.334291e+000 -5.401978e+000
2.056797e+000 -8.361487e+000 -5.494380e+000
2.291359e+000 -8.331754e+000 -5.582732e+000
2.497761e+000 -8.296903e+000 -5.648726e+000
2.710649e+000 -8.278301e+000 -5.698816e+000
2.924417e+000 -8.247477e+000 -5.737870e+000
