[individuals]
1
[dimensions]
3
[landmarks]
48
[rawpoints]
'#1
-1.923787e+000 -6.619382e+000 -3.195208e+000
-2.276343e+000 -5.918108e+000 -3.171834e+000
3.874215e+000 -6.332864e+000 -6.280082e-001
4.224233e+000 -6.217752e+000 -4.936662e+000
5.227257e+000 -6.992105e+000 -2.605865e+000
6.611538e-001 -6.719347e+000 -2.008560e+000
9.245262e-001 -6.726408e+000 -3.945817e+000
1.354825e+000 -6.618009e+000 -1.629870e+000
7.072678e-001 -6.362554e+000 -1.895919e+000
9.248194e-001 -6.315616e+000 -4.079127e+000
1.589929e+000 -6.551903e+000 -4.312562e+000
1.140621e-001 -6.666032e+000 -2.266525e+000
3.101431e-001 -6.613844e+000 -3.831186e+000
5.015708e+000 -6.920053e+000 -1.153275e+000
5.224809e+000 -6.877173e+000 -4.126368e+000
5.076088e+000 -7.183313e+000 -1.585264e+000
5.327287e+000 -7.151132e+000 -3.664518e+000
6.072216e+000 -6.383226e+000 -2.562333e+000
5.615547e+000 -6.747626e+000 -2.084343e+000
5.682065e+000 -6.696626e+000 -3.157981e+000
9.592146e-001 -4.699155e+000 -2.919666e+000
1.710691e+000 -4.512067e+000 -2.876069e+000
2.476953e+000 -4.402785e+000 -2.825478e+000
3.242870e+000 -4.290208e+000 -2.777211e+000
4.015637e+000 -4.246296e+000 -2.726974e+000
4.785536e+000 -4.319614e+000 -2.667979e+000
5.488070e+000 -4.640644e+000 -2.596811e+000
6.157643e+000 -5.025743e+000 -2.526106e+000
3.023119e-001 -7.028136e+000 -2.210820e+000
4.385523e-001 -7.024066e+000 -2.163924e+000
5.804490e-001 -7.009051e+000 -2.143481e+000
7.235244e-001 -6.998283e+000 -2.129644e+000
1.038090e+000 -6.954741e+000 -2.087987e+000
1.355555e+000 -6.926446e+000 -2.056379e+000
1.675709e+000 -6.929591e+000 -2.047840e+000
1.964769e+000 -6.886031e+000 -2.060551e+000
2.254442e+000 -6.863411e+000 -2.095170e+000
2.543939e+000 -6.862247e+000 -2.137715e+000
4.898778e-001 -6.937274e+000 -3.862361e+000
6.103927e-001 -6.903110e+000 -3.889755e+000
7.385033e-001 -6.904552e+000 -3.884496e+000
8.665597e-001 -6.910246e+000 -3.887849e+000
1.175690e+000 -6.887204e+000 -3.873943e+000
1.484155e+000 -6.858549e+000 -3.856245e+000
1.793469e+000 -6.860528e+000 -3.831565e+000
2.081867e+000 -6.833875e+000 -3.768813e+000
2.362762e+000 -6.798241e+000 -3.681348e+000
2.641662e+000 -6.796880e+000 -3.581171e+000
