[individuals]
1
[dimensions]
3
[landmarks]
48
[rawpoints]
'#1
1.714713e+000 4.098308e+000 -3.130918e+000
1.237807e+000 3.641534e+000 -9.769324e-001
9999 9999 9999
6.032944e+000 -7.534074e+000 -2.617786e+000
2.770667e+000 -9.829313e+000 -5.756892e+000
4.331730e-001 -8.328522e-001 -4.549886e+000
4.075248e+000 -6.852202e-001 -3.551166e+000
-1.971779e-001 -2.538302e+000 -4.867872e+000
-3.351707e-002 -1.076910e+000 -2.922109e+000
3.586989e+000 -9.091892e-001 -1.916878e+000
4.897039e+000 -2.335849e+000 -3.429967e+000
4.428681e-001 4.454388e-001 -3.995563e+000
3.503402e+000 5.051109e-001 -2.992556e+000
9999 9999 9999
5.638432e+000 -9.462652e+000 -5.296359e+000
9999 9999 9999
4.004439e+000 -9.225224e+000 -5.286441e+000
2.652272e+000 -1.088883e+001 -4.495997e+000
2.028957e+000 -1.081507e+001 -5.582773e+000
3.719515e+000 -1.083465e+001 -5.239154e+000
1.215715e+000 -2.193518e+000 -1.737781e-001
1.269487e+000 -3.547277e+000 -2.375296e-001
1.352950e+000 -4.892693e+000 -3.875962e-001
1.351078e+000 -6.245555e+000 -2.907157e-001
1.409696e+000 -7.596509e+000 -3.947673e-001
1.584303e+000 -8.883636e+000 -7.850939e-001
1.833235e+000 -1.001564e+001 -1.489435e+000
2.116300e+000 -1.111597e+001 -2.230208e+000
6.253216e-001 3.531598e-001 -4.561852e+000
6.752011e-001 8.060785e-002 -4.719428e+000
6.963946e-001 -2.264449e-001 -4.802320e+000
7.234093e-001 -5.218843e-001 -4.918925e+000
6.822909e-001 -1.054309e+000 -4.967031e+000
6.719059e-001 -1.575215e+000 -5.093733e+000
7.610728e-001 -2.084335e+000 -5.236331e+000
7.524127e-001 -2.665643e+000 -5.205842e+000
9.139479e-001 -3.215402e+000 -5.308880e+000
1.039232e+000 -3.770732e+000 -5.430705e+000
3.697497e+000 5.143627e-001 -3.656345e+000
3.877483e+000 2.804995e-001 -3.842240e+000
3.984540e+000 -5.608714e-003 -4.003637e+000
4.057420e+000 -3.342682e-001 -4.106750e+000
4.145176e+000 -8.932139e-001 -4.059291e+000
4.105427e+000 -1.456237e+000 -4.120975e+000
4.100676e+000 -2.001345e+000 -4.279766e+000
4.108357e+000 -2.562497e+000 -4.322536e+000
4.129291e+000 -3.112171e+000 -4.441503e+000
4.231534e+000 -3.643935e+000 -4.594935e+000
