[individuals]
1
[dimensions]
3
[landmarks]
48
[rawpoints]
'#1
3.040759e+003 2.617319e+003 8.826447e+003
3.914735e+003 2.609513e+003 8.825439e+003
3.180660e+003 3.418484e+002 2.563730e+003
2.795372e+003 5.199053e+003 2.845094e+003
1.612670e+003 2.693099e+003 1.243850e+003
2.642075e+003 1.626669e+003 6.160013e+003
2.510824e+003 3.664255e+003 6.113300e+003
2.302554e+003 8.477754e+002 5.241728e+003
3.230304e+003 1.698451e+003 6.556984e+003
3.304034e+003 3.609906e+003 6.603359e+003
2.015204e+003 4.425010e+003 5.321429e+003
2.751218e+003 1.757715e+003 6.635677e+003
2.670301e+003 3.466438e+003 6.654788e+003
1.969691e+003 8.859279e+002 1.340573e+003
1.692149e+003 4.533817e+003 1.434070e+003
9.449794e+002 1.420913e+003 1.589955e+003
8.090569e+002 3.884875e+003 1.627775e+003
2.283226e+003 2.719671e+003 5.099379e+002
2.000606e+003 2.096689e+003 7.867111e+002
1.960305e+003 3.334166e+003 7.624286e+002
4.841637e+003 2.778786e+003 5.629439e+003
4.867410e+003 2.810483e+003 4.826427e+003
4.983216e+003 2.840511e+003 4.031325e+003
5.070590e+003 2.856365e+003 3.232209e+003
4.957030e+003 2.852513e+003 2.436189e+003
4.695164e+003 2.841398e+003 1.676050e+003
4.246456e+003 2.839624e+003 1.008867e+003
3.748041e+003 2.850634e+003 3.780255e+002
2.437659e+003 1.783183e+003 6.608490e+003
2.416078e+003 1.742650e+003 6.465231e+003
2.395442e+003 1.721795e+003 6.317687e+003
2.348352e+003 1.706916e+003 6.175583e+003
2.379365e+003 1.694429e+003 5.889479e+003
2.325002e+003 1.681027e+003 5.606922e+003
2.245700e+003 1.673138e+003 5.330112e+003
2.171512e+003 1.663912e+003 5.003374e+003
2.087053e+003 1.655094e+003 4.679243e+003
1.983997e+003 1.650588e+003 4.360231e+003
2.324193e+003 3.406974e+003 6.595426e+003
2.305175e+003 3.440591e+003 6.471300e+003
2.287772e+003 3.466653e+003 6.345146e+003
2.220257e+003 3.485633e+003 6.235693e+003
2.280358e+003 3.544362e+003 5.939445e+003
2.181038e+003 3.579124e+003 5.650048e+003
2.132744e+003 3.614822e+003 5.348036e+003
2.041113e+003 3.636800e+003 5.037743e+003
1.968190e+003 3.648866e+003 4.722017e+003
1.848649e+003 3.649186e+003 4.420565e+003
