[individuals]
1
[dimensions]
3
[landmarks]
48
[rawpoints]
'#1
1.119642e+000 -6.920209e+000 -4.819885e-001
1.146924e+000 -5.841012e+000 -5.851959e-001
3.786874e+000 -5.960565e+000 -7.036793e+000
-1.002653e+000 -5.987142e+000 -7.057655e+000
1.457740e+000 -7.225145e+000 -8.526310e+000
2.396374e+000 -6.962962e+000 -3.373724e+000
1.882339e-001 -6.942740e+000 -3.493234e+000
3.108153e+000 -7.379269e+000 -4.211594e+000
2.313091e+000 -6.169463e+000 -2.805485e+000
2.268234e-001 -6.207979e+000 -2.819613e+000
-5.167549e-001 -7.327776e+000 -4.323661e+000
2.127973e+000 -6.908130e+000 -2.818248e+000
3.508274e-001 -6.903265e+000 -2.847078e+000
3.151240e+000 -7.242072e+000 -8.307245e+000
-3.590997e-001 -7.176476e+000 -8.459634e+000
2.588348e+000 -8.106210e+000 -8.059060e+000
2.732959e-001 -8.057389e+000 -8.062372e+000
1.497224e+000 -6.527457e+000 -9.275284e+000
2.037639e+000 -6.976410e+000 -8.934313e+000
8.883765e-001 -6.934191e+000 -8.812449e+000
1.235506e+000 -4.714230e+000 -3.577433e+000
1.242256e+000 -4.594657e+000 -4.431067e+000
1.239430e+000 -4.351077e+000 -5.257923e+000
1.248715e+000 -4.091464e+000 -6.079844e+000
1.296078e+000 -4.087922e+000 -6.940459e+000
1.365811e+000 -4.249902e+000 -7.784257e+000
1.412513e+000 -4.685486e+000 -8.526594e+000
1.460993e+000 -5.122218e+000 -9.268182e+000
2.170012e+000 -7.151088e+000 -2.912858e+000
2.227443e+000 -7.174811e+000 -3.057052e+000
2.263421e+000 -7.185422e+000 -3.209518e+000
2.280222e+000 -7.214878e+000 -3.362825e+000
2.301002e+000 -7.222980e+000 -3.618722e+000
2.304446e+000 -7.254476e+000 -3.873634e+000
2.306249e+000 -7.272801e+000 -4.129842e+000
2.309158e+000 -7.260150e+000 -4.457728e+000
2.307850e+000 -7.303622e+000 -4.782986e+000
2.304831e+000 -7.325459e+000 -5.110403e+000
3.122053e-001 -7.183474e+000 -2.962773e+000
2.874523e-001 -7.166014e+000 -3.123957e+000
2.774659e-001 -7.157430e+000 -3.287426e+000
2.869171e-001 -7.205692e+000 -3.443881e+000
2.797481e-001 -7.190545e+000 -3.686316e+000
2.849715e-001 -7.236783e+000 -3.924831e+000
2.928005e-001 -7.271519e+000 -4.165229e+000
2.926018e-001 -7.270805e+000 -4.491054e+000
3.036615e-001 -7.309204e+000 -4.814425e+000
3.121807e-001 -7.333814e+000 -5.139216e+000
