[individuals]
1
[dimensions]
3
[landmarks]
48
[rawpoints]
'#1
3.026974e+000 -6.197914e-001 -2.255615e+000
2.516545e+000 -7.294258e-001 -1.315015e+000
3.077087e-002 -8.133524e+000 -1.792951e+000
4.168820e+000 -8.200399e+000 3.691257e-001
2.615986e+000 -9.489670e+000 -1.718372e+000
1.830427e+000 -3.858121e+000 -2.339751e+000
3.655972e+000 -3.888954e+000 -1.292020e+000
1.105434e+000 -5.269232e+000 -2.886109e+000
1.340602e+000 -3.421247e+000 -1.676427e+000
3.425735e+000 -3.496276e+000 -5.582553e-001
4.553971e+000 -5.219543e+000 -8.965133e-001
1.939185e+000 -3.241106e+000 -2.024354e+000
3.504741e+000 -3.302568e+000 -1.283948e+000
1.008522e+000 -9.289739e+000 -2.425221e+000
4.077775e+000 -9.336408e+000 -7.420767e-001
1.920690e+000 -9.211246e+000 -3.207731e+000
4.207002e+000 -9.363739e+000 -1.992337e+000
2.181211e+000 -1.012500e+001 -9.793440e-001
1.825139e+000 -9.875094e+000 -1.589925e+000
2.901948e+000 -9.800596e+000 -9.718849e-001
1.688343e+000 -3.960977e+000 1.343847e-001
1.541402e+000 -4.817340e+000 3.545694e-001
1.363218e+000 -5.641978e+000 6.575051e-001
1.261588e+000 -6.504470e+000 8.793138e-001
1.248725e+000 -7.396502e+000 9.668952e-001
1.280220e+000 -8.292338e+000 9.716986e-001
1.436972e+000 -9.123640e+000 6.753253e-001
1.564047e+000 -9.948835e+000 3.491505e-001
2.067128e+000 -3.298646e+000 -2.337000e+000
2.065694e+000 -3.491751e+000 -2.346001e+000
2.053077e+000 -3.683005e+000 -2.371221e+000
2.006857e+000 -3.870303e+000 -2.383733e+000
1.876151e+000 -4.176936e+000 -2.388961e+000
1.814753e+000 -4.497028e+000 -2.458991e+000
1.832023e+000 -4.811587e+000 -2.568069e+000
1.797722e+000 -5.218446e+000 -2.584928e+000
1.799567e+000 -5.627062e+000 -2.592059e+000
1.864996e+000 -6.023429e+000 -2.666958e+000
3.634536e+000 -3.386068e+000 -1.566850e+000
3.544433e+000 -3.553584e+000 -1.509634e+000
3.513549e+000 -3.748662e+000 -1.488672e+000
3.558399e+000 -3.933594e+000 -1.545591e+000
3.607375e+000 -4.245631e+000 -1.438764e+000
3.744286e+000 -4.549560e+000 -1.431684e+000
3.853327e+000 -4.859124e+000 -1.490436e+000
3.888112e+000 -5.270025e+000 -1.464748e+000
3.884153e+000 -5.682080e+000 -1.494516e+000
3.904047e+000 -6.078087e+000 -1.610642e+000
