[individuals]
1
[dimensions]
3
[landmarks]
48
[rawpoints]
'#1
1.965096e+000 3.394615e-001 -3.754417e+000
7.007527e-001 -1.064922e-001 -3.852974e+000
1.780357e+000 -8.609812e+000 -6.014083e+000
9.529516e-001 -8.326390e+000 -4.181091e-001
2.905968e+000 -9.838408e+000 -3.020825e+000
2.124690e+000 -3.621783e+000 -4.568118e+000
1.707013e+000 -3.450325e+000 -2.226011e+000
2.715346e+000 -4.783745e+000 -5.383058e+000
1.433922e+000 -3.474757e+000 -4.805044e+000
1.063622e+000 -3.403991e+000 -2.147056e+000
1.567569e+000 -4.712455e+000 -1.249836e+000
1.951778e+000 -3.128792e+000 -4.461045e+000
1.604989e+000 -3.055462e+000 -2.411766e+000
2.907414e+000 -9.739835e+000 -5.071416e+000
2.345296e+000 -9.510040e+000 -9.553655e-001
3.991030e+000 -9.590654e+000 -4.177288e+000
3.574140e+000 -9.643919e+000 -1.441908e+000
2.343559e+000 -1.058417e+001 -2.923005e+000
2.542758e+000 -1.020058e+001 -3.682871e+000
2.398807e+000 -1.019218e+001 -2.307659e+000
-2.511379e-001 -4.329136e+000 -3.824016e+000
-1.487483e-001 -5.261277e+000 -3.740862e+000
-4.635868e-002 -6.193417e+000 -3.657708e+000
5.603091e-002 -7.125557e+000 -3.574554e+000
1.584205e-001 -8.057698e+000 -3.491399e+000
2.608101e-001 -8.989839e+000 -3.408246e+000
3.631997e-001 -9.921979e+000 -3.325092e+000
4.655892e-001 -1.085412e+001 -3.241938e+000
2.198392e+000 -3.088177e+000 -4.441118e+000
2.250481e+000 -3.227425e+000 -4.410624e+000
2.350360e+000 -3.340574e+000 -4.426607e+000
2.336039e+000 -3.491332e+000 -4.436652e+000
2.348654e+000 -3.847145e+000 -4.492839e+000
2.468709e+000 -4.184711e+000 -4.532307e+000
2.600939e+000 -4.520021e+000 -4.529913e+000
2.660395e+000 -4.977516e+000 -4.507705e+000
2.697223e+000 -5.433547e+000 -4.444513e+000
2.868296e+000 -5.853948e+000 -4.358976e+000
1.898568e+000 -3.007369e+000 -2.372293e+000
1.948215e+000 -3.105453e+000 -2.340433e+000
1.979267e+000 -3.212991e+000 -2.316525e+000
1.997662e+000 -3.322970e+000 -2.290688e+000
1.970976e+000 -3.717307e+000 -2.183274e+000
2.071462e+000 -4.104232e+000 -2.094233e+000
2.228637e+000 -4.477187e+000 -2.031361e+000
2.279238e+000 -4.911481e+000 -1.980719e+000
2.282476e+000 -5.347273e+000 -1.919038e+000
2.494912e+000 -5.731727e+000 -1.944947e+000
