[individuals]
1
[dimensions]
3
[landmarks]
48
[rawpoints]
'#1
3.477953e+003 3.053033e+003 9.890920e+003
2.270404e+003 3.075540e+003 9.520058e+003
2.288606e+003 5.156956e+003 2.797284e+003
2.270748e+003 3.629859e+002 2.947602e+003
3.562348e+003 2.663430e+003 1.312783e+003
3.074892e+003 3.996120e+003 6.723714e+003
3.134969e+003 1.863426e+003 6.847491e+003
3.372094e+003 4.675602e+003 5.701763e+003
2.614589e+003 4.134290e+003 6.823828e+003
2.443459e+003 1.750865e+003 7.022827e+003
3.430830e+003 1.056584e+003 5.859056e+003
2.961175e+003 3.781669e+003 7.170245e+003
3.024722e+003 2.109280e+003 7.291256e+003
3.534085e+003 4.458760e+003 1.207914e+003
3.552356e+003 8.524300e+002 1.509453e+003
4.416278e+003 3.842984e+003 1.432524e+003
4.376327e+003 1.367537e+003 1.477632e+003
2.790675e+003 2.577270e+003 4.862724e+002
3.150066e+003 3.269636e+003 7.651600e+002
3.171472e+003 1.977933e+003 8.660124e+002
1.067842e+003 2.939563e+003 6.793306e+003
8.648573e+002 2.866395e+003 5.870571e+003
5.991466e+002 2.802628e+003 4.963197e+003
3.798933e+002 2.757693e+003 4.042436e+003
3.253581e+002 2.733713e+003 3.096648e+003
5.051116e+002 2.717629e+003 2.166436e+003
1.001304e+003 2.682333e+003 1.359951e+003
1.392067e+003 2.643783e+003 4.974879e+002
3.252926e+003 3.725116e+003 7.145454e+003
3.168400e+003 3.707631e+003 7.004241e+003
3.178459e+003 3.682435e+003 6.840982e+003
3.313432e+003 3.711764e+003 6.749802e+003
3.259217e+003 3.812591e+003 6.461630e+003
3.306018e+003 3.920334e+003 6.174787e+003
3.435354e+003 3.984122e+003 5.900191e+003
3.400836e+003 3.989609e+003 5.511144e+003
3.466542e+003 3.971085e+003 5.063046e+003
3.542050e+003 3.863610e+003 4.764731e+003
3.311790e+003 2.136915e+003 7.222001e+003
3.301649e+003 2.075840e+003 7.134856e+003
3.336403e+003 2.030017e+003 7.044744e+003
3.389454e+003 1.995159e+003 6.958730e+003
3.277457e+003 1.903662e+003 6.651162e+003
3.334430e+003 1.795098e+003 6.334175e+003
3.479374e+003 1.764083e+003 6.028343e+003
3.414737e+003 1.745223e+003 5.641509e+003
3.469699e+003 1.715261e+003 5.193093e+003
3.547408e+003 1.797950e+003 4.878701e+003
