[individuals]
1
[dimensions]
3
[landmarks]
48
[rawpoints]
'#1
9999 9999 9999
9999 9999 9999
4.495124e+000 1.368460e+000 9.668864e+000
4.339931e+000 1.701301e+000 3.611738e+000
6.663741e+000 -2.831898e-002 6.484983e+000
-9.674532e-001 -2.575275e-001 8.253844e+000
-9.428727e-001 -2.428722e-002 5.147298e+000
4.433841e-001 -7.648544e-002 8.707285e+000
-1.235807e+000 8.900512e-001 8.406071e+000
-1.209173e+000 1.159947e+000 5.031907e+000
4.133385e-001 7.288170e-002 4.476469e+000
-1.934941e+000 -3.353710e-002 8.236635e+000
-1.987389e+000 1.679194e-001 5.253604e+000
6.455736e+000 -2.973257e-001 8.814956e+000
6.373425e+000 -1.352741e-001 4.176808e+000
6.664880e+000 -2.350078e-001 8.408026e+000
6.588484e+000 -1.225524e-001 4.556905e+000
7.312214e+000 9.511776e-001 6.508200e+000
6.638753e+000 3.987741e-001 7.335752e+000
7.169335e+000 4.932033e-001 5.708055e+000
-1.475249e+000 2.619096e+000 7.070489e+000
-2.651091e-001 2.946553e+000 7.121575e+000
9.784421e-001 3.110965e+000 7.092353e+000
2.197545e+000 3.407587e+000 7.103225e+000
3.440565e+000 3.575497e+000 7.072362e+000
4.683770e+000 3.446924e+000 6.962040e+000
5.900226e+000 3.175429e+000 6.818011e+000
7.056322e+000 2.713157e+000 6.662936e+000
-1.847151e+000 -6.457882e-001 8.221751e+000
-1.615474e+000 -7.607807e-001 8.262898e+000
-1.355908e+000 -7.948691e-001 8.255234e+000
-1.108663e+000 -8.540699e-001 8.192312e+000
-5.899771e-001 -8.154966e-001 8.162083e+000
-8.148787e-002 -5.851290e-001 8.211998e+000
4.426253e-001 -6.556000e-001 8.099277e+000
9.359616e-001 -5.268465e-001 8.102080e+000
1.439828e+000 -4.586553e-001 8.064519e+000
1.941763e+000 -5.394546e-001 8.025915e+000
-1.833771e+000 -5.303345e-001 5.123907e+000
-1.526878e+000 -5.983869e-001 5.060301e+000
-1.207889e+000 -6.312376e-001 5.065705e+000
-8.923885e-001 -5.826187e-001 5.096493e+000
-4.431576e-001 -4.686561e-001 5.133838e+000
1.599631e-002 -4.981470e-001 5.200768e+000
4.719746e-001 -5.573307e-001 5.269732e+000
9.392874e-001 -4.678636e-001 5.295989e+000
1.408836e+000 -3.930162e-001 5.327319e+000
1.878724e+000 -4.582604e-001 5.282498e+000
