[individuals]
1
[dimensions]
3
[landmarks]
40
[rawpoints]
'#1
-1.384370e+000 -7.818277e+000 -5.324875e+000
9999 9999 9999
-2.779984e-001 -5.831298e+000 -5.184705e+000
9999 9999 9999
9999 9999 9999
-9.713039e-001 -5.425938e+000 -2.373165e+000
-1.515163e+000 -6.326159e+000 -1.945934e+000
-9.832320e-001 -6.402197e+000 -4.843365e+000
-9.995220e-001 -7.856807e+000 -4.314970e+000
-2.250891e+000 -6.361308e+000 -4.156841e+000
-6.754050e-001 -7.635554e+000 -5.291526e+000
-8.644646e-001 -7.460518e+000 2.445814e+000
-8.785033e-001 -7.470024e+000 2.243685e+000
-8.271667e-001 -7.506833e+000 2.050934e+000
-8.062178e-001 -7.499295e+000 1.849320e+000
-7.589141e-001 -7.289828e+000 1.347465e+000
-7.213132e-001 -7.084452e+000 8.431188e-001
-6.796761e-001 -6.965878e+000 3.119182e-001
-6.073625e-001 -6.926813e+000 -2.378648e-001
-5.985345e-001 -6.681876e+000 -7.368424e-001
-5.170723e-001 -6.645922e+000 -1.285553e+000
-5.836262e-001 -6.414365e+000 4.534467e+000
-3.713788e-001 -6.070997e+000 3.938485e+000
-2.872470e-001 -5.801155e+000 3.276476e+000
-3.274046e-001 -5.504138e+000 2.622017e+000
-5.426278e-001 -5.377132e+000 1.616613e+000
-8.639929e-001 -5.145700e+000 6.592799e-001
-1.155447e+000 -5.000107e+000 -3.241712e-001
-1.321797e+000 -5.085908e+000 -1.017053e+000
-1.457157e+000 -5.050181e+000 -1.720995e+000
-1.567191e+000 -5.151127e+000 -2.423013e+000
-1.758017e+000 -5.305977e+000 -3.371367e+000
-1.750971e+000 -5.830060e+000 -4.199073e+000
-1.552222e+000 -6.596600e+000 -4.775865e+000
-6.680267e-001 -6.981214e+000 4.104173e+000
-7.035434e-001 -6.828368e+000 3.710756e+000
-7.127855e-001 -6.604651e+000 3.351222e+000
-6.868862e-001 -6.548903e+000 2.932143e+000
-8.079182e-001 -6.677373e+000 2.547139e+000
-8.963016e-001 -7.088136e+000 2.495167e+000
