[individuals]
1
[dimensions]
3
[landmarks]
40
[rawpoints]
'#1
9999 9999 9999
-2.912351e+000 -8.277275e+000 -2.022268e+000
9999 9999 9999
3.527894e+000 -6.364180e+000 4.565822e+000
3.307639e+000 -6.368131e+000 4.484616e+000
4.239247e+000 -6.948729e+000 2.829845e-001
3.396407e+000 -7.499084e+000 1.212096e+000
9999 9999 9999
4.745553e+000 -6.773630e+000 3.525763e+000
5.036600e+000 -8.041595e+000 1.918832e+000
9999 9999 9999
-5.023205e-001 -7.981581e+000 5.723270e-002
-4.277674e-001 -7.894026e+000 -8.595515e-002
-3.288013e-001 -7.846400e+000 6.035373e-002
-2.079578e-001 -7.818671e+000 1.958485e-001
2.939671e-001 -7.649065e+000 1.425832e-001
8.135118e-001 -7.537001e+000 1.751219e-001
1.290095e+000 -7.397774e+000 3.675186e-001
1.753465e+000 -7.231845e+000 4.429188e-001
2.192261e+000 -7.046155e+000 5.874685e-001
2.567351e+000 -6.811511e+000 8.159047e-001
-1.259275e+000 -7.814133e+000 -2.426334e+000
-6.247748e-001 -7.681520e+000 -2.425132e+000
5.702944e-003 -7.587041e+000 -2.307867e+000
6.253633e-001 -7.547163e+000 -2.121829e+000
1.454750e+000 -7.582325e+000 -1.819343e+000
2.269820e+000 -7.670051e+000 -1.489776e+000
3.050952e+000 -7.716516e+000 -1.079549e+000
3.617374e+000 -7.668711e+000 -6.532454e-001
4.114911e+000 -7.573598e+000 -1.550060e-001
4.614396e+000 -7.499748e+000 3.449304e-001
5.068410e+000 -7.493789e+000 7.289493e-001
5.463603e+000 -7.481297e+000 1.173144e+000
5.727123e+000 -7.402134e+000 1.700320e+000
-1.236751e+000 -7.902160e+000 -1.521141e+000
-9.596402e-001 -7.844962e+000 -1.421467e+000
-6.950505e-001 -7.779762e+000 -1.296051e+000
-4.348806e-001 -7.748885e+000 -1.149918e+000
-2.875440e-001 -7.781877e+000 -8.906965e-001
-3.741287e-001 -7.980109e+000 -6.828636e-001
