[individuals]
1
[dimensions]
3
[landmarks]
40
[rawpoints]
'#1
1.083075e+003 4.253421e+003 2.280729e+003
3.489648e+003 3.339855e+003 8.044117e+003
2.463017e+003 4.631181e+003 2.252294e+003
1.000263e+003 3.266746e+003 2.519606e+003
9.823242e+002 3.166730e+003 2.676870e+003
2.529003e+003 4.659529e+003 3.490063e+003
2.175669e+003 4.644912e+003 4.076643e+003
2.040348e+003 4.626563e+003 2.658489e+003
1.426451e+003 3.993729e+003 2.724803e+003
1.613479e+003 4.770111e+003 2.811807e+003
1.499801e+003 4.052146e+003 2.153334e+003
2.719292e+003 3.647888e+003 6.129700e+003
2.676875e+003 3.632550e+003 5.960111e+003
2.657822e+003 3.648650e+003 5.786413e+003
2.604463e+003 3.650706e+003 5.619249e+003
2.660068e+003 3.787792e+003 5.369777e+003
2.586764e+003 3.876585e+003 5.103576e+003
2.523019e+003 3.931169e+003 4.825953e+003
2.483620e+003 3.942350e+003 4.544134e+003
2.488636e+003 3.970452e+003 4.260786e+003
2.482591e+003 3.956684e+003 3.976413e+003
3.768462e+003 4.051267e+003 6.799200e+003
3.806598e+003 4.203796e+003 6.373130e+003
3.753415e+003 4.344647e+003 5.944641e+003
3.669190e+003 4.505552e+003 5.528384e+003
3.395487e+003 4.649008e+003 4.928561e+003
3.066215e+003 4.777813e+003 4.353859e+003
2.715712e+003 4.899322e+003 3.790230e+003
2.543233e+003 4.927233e+003 3.567351e+003
2.350289e+003 4.941213e+003 3.360514e+003
2.158165e+003 4.927729e+003 3.152882e+003
2.012936e+003 4.879069e+003 2.985381e+003
1.873531e+003 4.817173e+003 2.817295e+003
1.744295e+003 4.715507e+003 2.660849e+003
3.342958e+003 3.788684e+003 6.812339e+003
3.320343e+003 3.835055e+003 6.651302e+003
3.296788e+003 3.874276e+003 6.488523e+003
3.248502e+003 3.906566e+003 6.329721e+003
3.159501e+003 3.935890e+003 6.188971e+003
3.002841e+003 3.947617e+003 6.126434e+003
