[individuals]
1
[dimensions]
3
[landmarks]
40
[rawpoints]
'#1
9.102418e-001 -6.830489e+000 -5.978783e+000
6.585217e+000 -6.992389e+000 -5.870939e+000
1.474990e+000 -7.800897e+000 -4.968160e+000
1.513110e+000 -6.050672e+000 -5.794992e+000
1.569422e+000 -6.024527e+000 -5.797105e+000
2.679845e+000 -7.825030e+000 -5.340035e+000
3.049382e+000 -7.442359e+000 -5.834496e+000
1.604829e+000 -7.568814e+000 -5.565763e+000
1.598486e+000 -6.749309e+000 -5.782218e+000
1.801883e+000 -7.610281e+000 -5.986844e+000
1.019107e+000 -6.776396e+000 -5.576296e+000
4.737097e+000 -7.048233e+000 -5.946766e+000
4.674652e+000 -6.962165e+000 -5.878329e+000
4.568952e+000 -6.923572e+000 -5.820622e+000
4.456380e+000 -6.886621e+000 -5.776420e+000
4.209710e+000 -7.006688e+000 -5.685399e+000
3.946506e+000 -7.089053e+000 -5.598873e+000
3.667625e+000 -7.107895e+000 -5.525268e+000
3.426738e+000 -7.118556e+000 -5.454318e+000
3.185585e+000 -7.128428e+000 -5.384154e+000
2.940162e+000 -7.145416e+000 -5.332643e+000
5.593190e+000 -7.656889e+000 -5.492970e+000
5.335219e+000 -7.761201e+000 -5.411236e+000
5.060534e+000 -7.830032e+000 -5.348615e+000
4.786658e+000 -7.916703e+000 -5.308736e+000
4.540211e+000 -8.003835e+000 -5.295510e+000
4.286781e+000 -8.068355e+000 -5.306036e+000
4.030887e+000 -8.113193e+000 -5.337800e+000
3.635032e+000 -8.127798e+000 -5.430074e+000
3.246488e+000 -8.075076e+000 -5.538163e+000
2.855469e+000 -8.014540e+000 -5.632324e+000
2.384333e+000 -7.918672e+000 -5.708672e+000
1.919089e+000 -7.779233e+000 -5.741972e+000
1.523307e+000 -7.496049e+000 -5.753968e+000
5.608085e+000 -7.258978e+000 -5.672928e+000
5.451848e+000 -7.312651e+000 -5.637025e+000
5.292424e+000 -7.353339e+000 -5.598145e+000
5.123953e+000 -7.366893e+000 -5.594324e+000
4.955098e+000 -7.368595e+000 -5.602598e+000
4.821761e+000 -7.334029e+000 -5.700611e+000
