[individuals]
1
[dimensions]
3
[landmarks]
40
[rawpoints]
'#1
5.238789e+000 -6.296894e+000 -4.346044e+000
1.062927e-001 -6.753390e+000 -3.478198e+000
4.775963e+000 -7.461321e+000 -5.421995e+000
4.717709e+000 -5.111038e+000 -4.583876e+000
4.651185e+000 -5.055587e+000 -4.564765e+000
3.453786e+000 -7.541893e+000 -4.672592e+000
3.276396e+000 -7.222124e+000 -3.973804e+000
4.579908e+000 -7.413957e+000 -4.724916e+000
4.692416e+000 -6.142093e+000 -4.428581e+000
4.901991e+000 -6.961992e+000 -4.174424e+000
5.095146e+000 -6.222720e+000 -4.652230e+000
1.471641e+000 -6.704843e+000 -3.689152e+000
1.555571e+000 -6.640038e+000 -3.759023e+000
1.670686e+000 -6.609278e+000 -3.802950e+000
1.787646e+000 -6.607823e+000 -3.852393e+000
2.071943e+000 -6.684096e+000 -3.998922e+000
2.345070e+000 -6.795143e+000 -4.144470e+000
2.644202e+000 -6.846813e+000 -4.270818e+000
2.879014e+000 -6.837993e+000 -4.361884e+000
3.100085e+000 -6.861059e+000 -4.480641e+000
3.310502e+000 -6.888995e+000 -4.616467e+000
7.891826e-001 -7.329074e+000 -3.916173e+000
8.963291e-001 -7.441663e+000 -4.015335e+000
1.034041e+000 -7.532001e+000 -4.098190e+000
1.187196e+000 -7.608507e+000 -4.166605e+000
1.444166e+000 -7.754098e+000 -4.287424e+000
1.713307e+000 -7.887218e+000 -4.395452e+000
2.003913e+000 -7.992433e+000 -4.474857e+000
2.474535e+000 -8.049139e+000 -4.483231e+000
2.946702e+000 -8.047672e+000 -4.440575e+000
3.411906e+000 -7.962192e+000 -4.408025e+000
3.889333e+000 -7.838562e+000 -4.400126e+000
4.345650e+000 -7.651456e+000 -4.408624e+000
4.688467e+000 -7.297305e+000 -4.427191e+000
9.327820e-001 -6.977139e+000 -3.844753e+000
1.021431e+000 -7.005782e+000 -3.834289e+000
1.109576e+000 -7.036854e+000 -3.841614e+000
1.202855e+000 -7.037081e+000 -3.850959e+000
1.292735e+000 -7.014601e+000 -3.836427e+000
1.306251e+000 -6.984722e+000 -3.748662e+000
