[individuals]
1
[dimensions]
3
[landmarks]
40
[rawpoints]
'#1
5.938007e+000 -4.729967e+000 -1.433666e+000
-2.641760e+000 -7.042167e+000 -1.603655e+000
6.194126e+000 -6.193824e+000 -2.587599e+000
4.473833e+000 -3.219917e+000 -1.949388e+000
4.357068e+000 -3.181720e+000 -1.917279e+000
3.593961e+000 -7.234220e+000 -1.815379e+000
3.325047e+000 -6.371816e+000 -1.175425e+000
5.925858e+000 -6.089697e+000 -1.929229e+000
4.961617e+000 -4.832366e+000 -1.562903e+000
5.350714e+000 -6.098649e+000 -6.555111e-001
5.634408e+000 -4.837127e+000 -2.261484e+000
-4.256229e-001 -6.241686e+000 -1.282802e+000
-2.351571e-001 -6.206200e+000 -1.317362e+000
-4.961253e-002 -6.157876e+000 -1.361754e+000
1.383736e-001 -6.115548e+000 -1.401757e+000
5.108815e-001 -6.146225e+000 -1.463966e+000
8.846130e-001 -6.184404e+000 -1.514604e+000
1.249943e+000 -6.140088e+000 -1.604270e+000
1.619701e+000 -6.183650e+000 -1.700027e+000
1.995341e+000 -6.181822e+000 -1.781819e+000
2.333082e+000 -6.155528e+000 -1.963533e+000
-1.587124e+000 -7.616951e+000 -1.879702e+000
-1.144163e+000 -7.838406e+000 -2.037559e+000
-6.348654e-001 -7.931923e+000 -2.082702e+000
-1.155136e-001 -7.951409e+000 -2.073798e+000
8.193456e-001 -7.944518e+000 -2.005697e+000
1.751548e+000 -7.930736e+000 -1.908589e+000
2.685630e+000 -7.912581e+000 -1.832234e+000
3.249862e+000 -7.804008e+000 -1.720505e+000
3.803813e+000 -7.644962e+000 -1.618148e+000
4.366197e+000 -7.505225e+000 -1.535542e+000
5.122072e+000 -7.223013e+000 -1.380168e+000
5.671950e+000 -6.616585e+000 -1.309212e+000
5.811883e+000 -5.811658e+000 -1.396611e+000
-1.302139e+000 -7.144202e+000 -1.651806e+000
-1.061403e+000 -7.128235e+000 -1.625946e+000
-8.200077e-001 -7.152555e+000 -1.630486e+000
-5.796877e-001 -7.121217e+000 -1.618316e+000
-4.169382e-001 -6.960912e+000 -1.536476e+000
-3.732491e-001 -6.748199e+000 -1.428204e+000
