[individuals]
1
[dimensions]
3
[landmarks]
40
[rawpoints]
'#1
2.759769e+000 2.103652e+001 -2.618492e+001
-6.421100e-001 1.927481e+001 -1.803962e+001
1.579810e+000 1.946793e+001 -2.664700e+001
1.891795e+000 2.238833e+001 -2.487759e+001
1.883523e+000 2.239132e+001 -2.475129e+001
1.609623e+000 1.865121e+001 -2.440871e+001
2.154746e+000 1.934529e+001 -2.374096e+001
2.220980e+000 1.966874e+001 -2.636432e+001
2.229872e+000 2.086398e+001 -2.534960e+001
3.080057e+000 1.969060e+001 -2.579027e+001
2.064632e+000 2.086064e+001 -2.621116e+001
4.408876e-001 1.986260e+001 -2.040799e+001
4.451099e-001 1.979534e+001 -2.063217e+001
4.938789e-001 1.980952e+001 -2.086069e+001
5.056707e-001 1.988265e+001 -2.108274e+001
6.105760e-001 1.973192e+001 -2.141694e+001
6.883971e-001 1.966873e+001 -2.178490e+001
8.067020e-001 1.974593e+001 -2.213909e+001
8.706927e-001 1.964837e+001 -2.259553e+001
9.342845e-001 1.955894e+001 -2.305589e+001
9.732903e-001 1.969933e+001 -2.350245e+001
-4.191631e-001 1.848976e+001 -1.941061e+001
-3.549668e-001 1.827456e+001 -1.991077e+001
-1.905179e-001 1.817337e+001 -2.042389e+001
3.560944e-002 1.807589e+001 -2.091375e+001
4.948578e-001 1.795089e+001 -2.169839e+001
1.002904e+000 1.788785e+001 -2.246007e+001
1.470044e+000 1.790200e+001 -2.324987e+001
1.785566e+000 1.804773e+001 -2.400235e+001
2.051178e+000 1.827388e+001 -2.475423e+001
2.334250e+000 1.851224e+001 -2.549590e+001
2.485915e+000 1.878526e+001 -2.587572e+001
2.591385e+000 1.919643e+001 -2.612399e+001
2.654977e+000 1.966319e+001 -2.626505e+001
-2.089852e-001 1.915409e+001 -1.965792e+001
-9.310025e-002 1.915199e+001 -1.982233e+001
2.092802e-002 1.913265e+001 -1.998692e+001
1.168958e-001 1.915878e+001 -2.016175e+001
2.383091e-001 1.926370e+001 -2.028306e+001
3.426234e-001 1.939836e+001 -2.039005e+001
