[individuals]
1
[dimensions]
3
[landmarks]
40
[rawpoints]
'#1
-1.547090e+000 -4.851064e+000 6.957302e-001
-3.569636e+000 -6.865489e+000 -8.603106e+000
-2.512403e-001 -6.544421e+000 4.655048e-001
-1.386732e+000 -3.046605e+000 -8.774807e-001
-1.415960e+000 -3.036046e+000 -1.123714e+000
-1.524868e+000 -7.677629e+000 -1.839662e+000
-2.632664e+000 -7.001136e+000 -1.942141e+000
-1.026341e+000 -6.306067e+000 4.504910e-001
-1.546046e+000 -4.943506e+000 -3.170919e-001
-2.364868e+000 -6.558316e+000 2.882065e-001
-9.085110e-001 -5.016554e+000 3.940220e-001
-3.017644e+000 -6.268750e+000 -5.897074e+000
-2.975042e+000 -6.310841e+000 -5.721770e+000
-2.915999e+000 -6.291244e+000 -5.547288e+000
-2.826894e+000 -6.286906e+000 -5.384929e+000
-2.683291e+000 -6.378429e+000 -4.976548e+000
-2.520888e+000 -6.451932e+000 -4.571593e+000
-2.339276e+000 -6.473672e+000 -4.168703e+000
-2.131170e+000 -6.536687e+000 -3.798508e+000
-1.906221e+000 -6.589428e+000 -3.436689e+000
-1.656598e+000 -6.485921e+000 -3.103076e+000
-2.842813e+000 -7.752593e+000 -7.603616e+000
-2.554261e+000 -7.995922e+000 -7.244765e+000
-2.360297e+000 -8.178415e+000 -6.797194e+000
-2.258328e+000 -8.331290e+000 -6.309877e+000
-2.151650e+000 -8.494884e+000 -5.084174e+000
-2.138143e+000 -8.633842e+000 -3.850861e+000
-2.082453e+000 -8.570017e+000 -2.612613e+000
-2.010368e+000 -8.429446e+000 -2.143811e+000
-1.936845e+000 -8.290747e+000 -1.674664e+000
-1.877962e+000 -8.149359e+000 -1.204281e+000
-1.797995e+000 -7.820104e+000 -3.653013e-001
-1.697597e+000 -7.208446e+000 2.938746e-001
-1.601179e+000 -6.366203e+000 6.101233e-001
-3.075322e+000 -7.173946e+000 -7.380337e+000
-2.998174e+000 -7.214380e+000 -7.059920e+000
-2.897240e+000 -7.275580e+000 -6.749564e+000
-2.805874e+000 -7.285266e+000 -6.430495e+000
-2.825255e+000 -7.094434e+000 -6.159461e+000
-2.933102e+000 -6.810884e+000 -6.024472e+000
