[individuals]
1
[dimensions]
3
[landmarks]
40
[rawpoints]
'#1
1.057338e+000 -5.425948e+000 4.771770e-001
1.145038e+000 -5.652709e+000 7.348199e+000
8.049380e-002 -6.568198e+000 7.699001e-001
9999 9999 9999
9999 9999 9999
4.220856e-001 -6.989932e+000 2.303391e+000
1.029538e+000 -6.448756e+000 2.427523e+000
6.453349e-001 -6.394500e+000 6.456507e-001
9.362613e-001 -5.266193e+000 1.103401e+000
1.210833e+000 -6.516284e+000 8.821722e-001
5.572318e-001 -5.418183e+000 5.302452e-001
9.297191e-001 -5.798394e+000 5.070966e+000
8.866590e-001 -5.766912e+000 4.915205e+000
8.246951e-001 -5.806996e+000 4.768041e+000
8.387621e-001 -5.716860e+000 4.630984e+000
7.517735e-001 -5.831563e+000 4.347703e+000
7.047778e-001 -5.911909e+000 4.043878e+000
6.562712e-001 -5.942676e+000 3.731345e+000
5.642554e-001 -6.052025e+000 3.432936e+000
4.675798e-001 -6.067713e+000 3.116903e+000
3.503807e-001 -6.139157e+000 2.815856e+000
6.343227e-001 -6.829124e+000 5.919377e+000
5.050796e-001 -6.977378e+000 5.606900e+000
4.556268e-001 -7.080807e+000 5.255922e+000
4.426404e-001 -7.161377e+000 4.895826e+000
4.792801e-001 -7.277705e+000 4.362901e+000
5.589367e-001 -7.396836e+000 3.835307e+000
6.334694e-001 -7.461303e+000 3.297561e+000
6.651348e-001 -7.457302e+000 2.900622e+000
6.868978e-001 -7.396768e+000 2.507632e+000
7.188053e-001 -7.261398e+000 2.134488e+000
7.411109e-001 -7.185425e+000 1.534561e+000
8.230568e-001 -6.933407e+000 9.905596e-001
8.972165e-001 -6.428086e+000 6.660606e-001
7.853972e-001 -6.350062e+000 5.905210e+000
7.838361e-001 -6.374885e+000 5.723592e+000
7.438197e-001 -6.408559e+000 5.547908e+000
7.317225e-001 -6.397754e+000 5.365320e+000
7.370471e-001 -6.333478e+000 5.193732e+000
8.725189e-001 -6.219533e+000 5.146167e+000
