[individuals]
1
[dimensions]
3
[landmarks]
40
[rawpoints]
'#1
-3.422184e-001 -7.399839e+000 -8.212021e-001
-1.351061e-001 -7.242491e+000 6.901833e+000
2.652078e-001 -5.906941e+000 -9.360482e-001
3.966738e-001 -8.563300e+000 -3.010166e-001
4.478958e-001 -8.622815e+000 -1.000452e-001
-3.744148e-001 -5.659572e+000 1.080046e+000
-6.236385e-001 -6.541726e+000 1.513990e+000
-2.204707e-001 -6.279214e+000 -5.309231e-001
6.998100e-003 -7.511416e+000 -1.877060e-002
-1.002903e+000 -6.563029e+000 -3.525003e-001
2.203146e-001 -7.096810e+000 -7.911772e-001
-2.529355e-001 -7.220464e+000 4.408905e+000
-2.187273e-001 -7.207400e+000 4.186600e+000
-1.848144e-001 -7.158584e+000 3.969290e+000
-1.391857e-001 -7.136680e+000 3.749753e+000
-1.659213e-001 -6.909438e+000 3.500318e+000
-1.641002e-001 -6.834594e+000 3.170222e+000
-1.649087e-001 -6.727491e+000 2.849144e+000
-1.425019e-001 -6.641913e+000 2.511597e+000
-1.046151e-001 -6.600018e+000 2.167264e+000
-3.409891e-002 -6.608404e+000 1.825614e+000
-1.619985e-001 -6.260902e+000 5.678145e+000
-7.765110e-002 -6.116809e+000 5.279718e+000
-8.317281e-002 -5.916229e+000 4.897154e+000
-1.353687e-001 -5.690827e+000 4.532342e+000
-3.412038e-001 -5.454518e+000 3.778598e+000
-6.048579e-001 -5.320240e+000 3.017822e+000
-7.650166e-001 -5.300267e+000 2.217632e+000
-7.632328e-001 -5.338855e+000 1.769451e+000
-7.602111e-001 -5.398142e+000 1.323543e+000
-7.800079e-001 -5.475564e+000 8.808562e-001
-8.301746e-001 -5.613089e+000 3.124351e-001
-7.961465e-001 -5.907238e+000 -1.943748e-001
-6.622934e-001 -6.377609e+000 -5.189735e-001
-2.146922e-001 -6.708932e+000 5.349239e+000
-2.202480e-001 -6.659772e+000 5.145274e+000
-2.064152e-001 -6.622357e+000 4.939236e+000
-2.247223e-001 -6.699403e+000 4.744880e+000
-2.753391e-001 -6.755145e+000 4.548983e+000
-3.498446e-001 -6.949674e+000 4.523478e+000
