[individuals]
1
[dimensions]
3
[landmarks]
40
[rawpoints]
'#1
3.210292e+000 -7.449533e+000 -5.865928e-001
-7.689232e-001 -7.821693e+000 -2.080830e+000
3.188516e+000 -8.078058e+000 -1.260686e+000
9999 9999 9999
9999 9999 9999
2.342147e+000 -8.245897e+000 -1.365685e+000
1.967193e+000 -7.846042e+000 -1.106305e+000
2.981351e+000 -7.957426e+000 -1.047489e+000
2.798253e+000 -7.353444e+000 -9.312670e-001
2.631219e+000 -7.967631e+000 -6.491604e-001
3.210615e+000 -7.415004e+000 -9.719464e-001
8.147629e-001 -7.713004e+000 -1.509812e+000
8.608637e-001 -7.653534e+000 -1.539922e+000
9.351903e-001 -7.623158e+000 -1.550979e+000
1.014080e+000 -7.629125e+000 -1.568576e+000
1.208196e+000 -7.704566e+000 -1.569187e+000
1.411943e+000 -7.743026e+000 -1.549557e+000
1.619794e+000 -7.731999e+000 -1.542408e+000
1.793693e+000 -7.732141e+000 -1.546274e+000
1.963734e+000 -7.766039e+000 -1.532344e+000
2.136617e+000 -7.783502e+000 -1.524478e+000
1.292039e-001 -8.225423e+000 -1.988610e+000
4.163062e-001 -8.322284e+000 -2.008632e+000
7.116492e-001 -8.391910e+000 -1.996887e+000
9.980904e-001 -8.483401e+000 -1.954602e+000
1.193554e+000 -8.516472e+000 -1.869756e+000
1.373169e+000 -8.531756e+000 -1.751417e+000
1.556629e+000 -8.537851e+000 -1.638266e+000
1.794510e+000 -8.500670e+000 -1.519403e+000
2.024762e+000 -8.420242e+000 -1.407071e+000
2.250252e+000 -8.341787e+000 -1.284195e+000
2.528716e+000 -8.283731e+000 -1.107320e+000
2.778616e+000 -8.146296e+000 -9.316699e-001
2.934984e+000 -7.884346e+000 -7.933885e-001
2.514587e-001 -7.983652e+000 -1.917364e+000
4.028150e-001 -8.000681e+000 -1.900399e+000
5.534284e-001 -8.010082e+000 -1.873722e+000
7.002743e-001 -8.020082e+000 -1.831033e+000
8.338181e-001 -7.999250e+000 -1.758797e+000
8.371422e-001 -7.949279e+000 -1.613967e+000
