[individuals]
1
[dimensions]
3
[landmarks]
40
[rawpoints]
'#1
1.272159e+000 -6.253219e+000 -7.714948e+000
2.168745e+000 -6.639424e+000 -2.024470e+000
2.606826e+000 -6.968942e+000 -7.637879e+000
8.273280e-002 -6.844029e+000 -7.051543e+000
6.501240e-002 -6.925519e+000 -6.920912e+000
3.040143e+000 -6.383558e+000 -6.231328e+000
2.197311e+000 -6.146599e+000 -5.910336e+000
2.271626e+000 -6.298485e+000 -7.411890e+000
1.261195e+000 -6.488731e+000 -7.038518e+000
2.557416e+000 -5.756936e+000 -7.238898e+000
1.464037e+000 -6.689511e+000 -7.553972e+000
1.839671e+000 -6.527789e+000 -3.572632e+000
1.801441e+000 -6.552833e+000 -3.587820e+000
1.793572e+000 -6.579403e+000 -3.699162e+000
1.783947e+000 -6.586372e+000 -3.779740e+000
1.794205e+000 -6.598433e+000 -4.117274e+000
1.910884e+000 -6.579934e+000 -4.433871e+000
1.976690e+000 -6.586894e+000 -4.765239e+000
2.068609e+000 -6.609418e+000 -4.993111e+000
2.137803e+000 -6.643106e+000 -5.227549e+000
2.227632e+000 -6.697251e+000 -5.450881e+000
2.617281e+000 -6.615233e+000 -2.678289e+000
2.675251e+000 -6.672828e+000 -3.011505e+000
2.773559e+000 -6.704735e+000 -3.338639e+000
3.053113e+000 -6.613576e+000 -3.515418e+000
3.148874e+000 -6.548593e+000 -4.027159e+000
3.264570e+000 -6.428605e+000 -4.524642e+000
3.427760e+000 -6.336097e+000 -5.014625e+000
3.414797e+000 -6.266225e+000 -5.360782e+000
3.369040e+000 -6.206495e+000 -5.706056e+000
3.296927e+000 -6.153793e+000 -6.047950e+000
3.216323e+000 -6.029934e+000 -6.650785e+000
2.969788e+000 -5.948553e+000 -7.214552e+000
2.397092e+000 -6.056203e+000 -7.428189e+000
2.208130e+000 -6.603899e+000 -2.626346e+000
2.232754e+000 -6.600628e+000 -2.842956e+000
2.273208e+000 -6.606224e+000 -3.057127e+000
2.299071e+000 -6.609242e+000 -3.273587e+000
2.243332e+000 -6.559058e+000 -3.478311e+000
2.051492e+000 -6.490834e+000 -3.556257e+000
