[individuals]
1
[dimensions]
3
[landmarks]
40
[rawpoints]
'#1
1.587052e+000 -5.283658e+000 -1.610755e+000
1.499488e+000 -6.836731e+000 -8.347702e+000
3.158098e+000 -6.685653e+000 -1.505559e+000
1.695709e+000 -3.993038e+000 -2.542785e+000
1.700693e+000 -3.983932e+000 -2.701900e+000
2.716365e+000 -7.517592e+000 -3.310146e+000
1.628782e+000 -6.480723e+000 -3.492732e+000
2.344731e+000 -6.450429e+000 -1.633820e+000
1.994398e+000 -5.923608e+000 -2.460710e+000
1.458181e+000 -6.743064e+000 -1.680110e+000
2.130930e+000 -5.269463e+000 -1.672784e+000
1.379981e+000 -6.707597e+000 -6.761394e+000
1.434320e+000 -6.692952e+000 -6.636058e+000
1.456339e+000 -6.618574e+000 -6.522662e+000
1.487366e+000 -6.570546e+000 -6.397729e+000
1.587343e+000 -6.504491e+000 -6.118058e+000
1.650020e+000 -6.404261e+000 -5.837689e+000
1.762429e+000 -6.389323e+000 -5.555344e+000
1.925482e+000 -6.449390e+000 -5.113056e+000
2.036891e+000 -6.466903e+000 -4.651472e+000
2.159000e+000 -6.442250e+000 -4.192890e+000
1.881585e+000 -7.410478e+000 -7.496608e+000
2.147057e+000 -7.481284e+000 -7.263916e+000
2.258596e+000 -7.630799e+000 -6.975130e+000
2.338974e+000 -7.722562e+000 -6.619140e+000
2.484494e+000 -7.895956e+000 -5.840356e+000
2.559016e+000 -8.111876e+000 -5.062177e+000
2.590193e+000 -8.237150e+000 -4.261494e+000
2.554523e+000 -8.143557e+000 -3.748870e+000
2.481030e+000 -8.048182e+000 -3.240620e+000
2.378533e+000 -7.934503e+000 -2.741234e+000
2.240637e+000 -7.720074e+000 -2.170768e+000
2.094121e+000 -7.301887e+000 -1.730205e+000
1.900522e+000 -6.733344e+000 -1.557838e+000
1.734442e+000 -7.048512e+000 -7.280878e+000
1.739745e+000 -7.054328e+000 -7.127013e+000
1.772522e+000 -7.054833e+000 -6.976476e+000
1.781436e+000 -7.018655e+000 -6.826993e+000
1.734362e+000 -6.975203e+000 -6.686874e+000
1.581210e+000 -6.961520e+000 -6.677354e+000
