[individuals]
1
[dimensions]
3
[landmarks]
40
[rawpoints]
'#1
1.091771e+000 -5.447692e+000 -8.355272e+000
4.592504e+000 -7.720927e+000 -4.516370e+000
3.903160e-002 -6.473619e+000 -7.570198e+000
1.730097e+000 -4.829361e+000 -7.755311e+000
1.772689e+000 -4.842717e+000 -7.717450e+000
1.038944e+000 -7.249435e+000 -6.974817e+000
1.732457e+000 -7.038612e+000 -7.291540e+000
6.126676e-001 -6.486229e+000 -7.979208e+000
1.460137e+000 -5.549694e+000 -7.856585e+000
1.038175e+000 -6.621645e+000 -8.219167e+000
9.197825e-001 -5.360896e+000 -8.052077e+000
3.623597e+000 -7.057998e+000 -5.655984e+000
3.553536e+000 -7.023838e+000 -5.639738e+000
3.492268e+000 -6.977605e+000 -5.660900e+000
3.427719e+000 -6.947150e+000 -5.696198e+000
3.203751e+000 -6.878020e+000 -5.866523e+000
2.989189e+000 -6.820640e+000 -6.052586e+000
2.750582e+000 -6.779300e+000 -6.211667e+000
2.392300e+000 -6.750752e+000 -6.364766e+000
2.032849e+000 -6.721346e+000 -6.514864e+000
1.670888e+000 -6.646861e+000 -6.641570e+000
3.769040e+000 -7.865636e+000 -4.861612e+000
3.476435e+000 -7.824310e+000 -5.032826e+000
3.172843e+000 -7.812355e+000 -5.188781e+000
2.884099e+000 -7.896045e+000 -5.350842e+000
2.467980e+000 -7.906107e+000 -5.670529e+000
2.070432e+000 -7.944332e+000 -6.011057e+000
1.681993e+000 -7.970258e+000 -6.363049e+000
1.402700e+000 -7.896035e+000 -6.650812e+000
1.172484e+000 -7.726707e+000 -6.941749e+000
9.622787e-001 -7.562243e+000 -7.250102e+000
7.592558e-001 -7.308585e+000 -7.656915e+000
6.817720e-001 -6.919177e+000 -7.993702e+000
8.306600e-001 -6.451707e+000 -8.167951e+000
3.964482e+000 -7.582919e+000 -4.948312e+000
3.830428e+000 -7.551206e+000 -5.065270e+000
3.679644e+000 -7.513398e+000 -5.157413e+000
3.655756e+000 -7.428060e+000 -5.333552e+000
3.552848e+000 -7.376441e+000 -5.461966e+000
3.449939e+000 -7.324821e+000 -5.590379e+000
