[individuals]
1
[dimensions]
3
[landmarks]
40
[rawpoints]
'#1
2.579126e+000 2.162800e+001 -4.171238e+001
1.683874e-001 1.811721e+001 -3.165493e+001
1.593048e+000 1.957855e+001 -4.249036e+001
1.559495e+000 2.337396e+001 -4.064000e+001
1.627329e+000 2.325219e+001 -4.018384e+001
1.471923e+000 1.813803e+001 -3.985838e+001
2.280493e+000 1.938783e+001 -3.917138e+001
2.123130e+000 1.988477e+001 -4.207337e+001
2.009557e+000 2.142196e+001 -4.091744e+001
3.177885e+000 1.971564e+001 -4.153089e+001
1.856102e+000 2.136743e+001 -4.191464e+001
8.558014e-001 1.931913e+001 -3.521852e+001
8.679010e-001 1.942848e+001 -3.539083e+001
9.149889e-001 1.950498e+001 -3.557448e+001
9.641191e-001 1.956286e+001 -3.576430e+001
1.035002e+000 1.952959e+001 -3.626733e+001
1.121282e+000 1.950448e+001 -3.676843e+001
1.186698e+000 1.948200e+001 -3.727279e+001
1.203348e+000 1.926623e+001 -3.787629e+001
1.237341e+000 1.927900e+001 -3.851636e+001
1.222178e+000 1.935158e+001 -3.915318e+001
3.172142e-001 1.760839e+001 -3.342349e+001
2.852786e-001 1.744950e+001 -3.427391e+001
3.266163e-001 1.736874e+001 -3.513485e+001
4.844421e-001 1.737491e+001 -3.598604e+001
7.833802e-001 1.731161e+001 -3.687984e+001
1.170118e+000 1.724297e+001 -3.773895e+001
1.559581e+000 1.732205e+001 -3.859590e+001
1.976841e+000 1.752012e+001 -3.955653e+001
2.378701e+000 1.784867e+001 -4.048754e+001
2.730067e+000 1.834248e+001 -4.136439e+001
2.848176e+000 1.877898e+001 -4.175824e+001
2.854407e+000 1.934198e+001 -4.196471e+001
2.770564e+000 1.993480e+001 -4.199803e+001
4.357109e-001 1.836926e+001 -3.351999e+001
4.904940e-001 1.844971e+001 -3.388163e+001
5.463530e-001 1.851522e+001 -3.424612e+001
5.794485e-001 1.852295e+001 -3.461908e+001
6.081220e-001 1.857121e+001 -3.498936e+001
7.091352e-001 1.870963e+001 -3.532236e+001
