[individuals]
1
[dimensions]
3
[landmarks]
40
[rawpoints]
'#1
1.427439e+000 -2.911783e+000 -7.688425e+000
5.126828e+000 -7.388448e+000 2.651474e+000
2.466770e-001 -4.953590e+000 -7.980189e+000
1.155660e+000 -1.002150e+000 -6.311932e+000
1.373131e+000 -1.065011e+000 -5.921432e+000
1.694196e+000 -6.580834e+000 -5.865001e+000
2.598513e+000 -5.493723e+000 -5.159844e+000
9.845318e-001 -4.611804e+000 -7.663445e+000
1.591331e+000 -3.243408e+000 -6.403915e+000
2.084478e+000 -4.730234e+000 -7.733186e+000
8.430679e-001 -3.114333e+000 -7.364038e+000
3.395358e+000 -5.747847e+000 -1.381778e+000
3.420732e+000 -5.694915e+000 -1.416493e+000
3.422180e+000 -5.667333e+000 -1.478848e+000
3.408900e+000 -5.647617e+000 -1.542770e+000
3.232627e+000 -5.593214e+000 -1.933744e+000
3.037724e+000 -5.517789e+000 -2.312177e+000
2.848245e+000 -5.593711e+000 -2.693263e+000
2.598528e+000 -5.695879e+000 -3.214668e+000
2.301936e+000 -5.644964e+000 -3.718764e+000
1.990280e+000 -5.622855e+000 -4.215834e+000
4.209972e+000 -7.641248e+000 1.165056e+000
3.755040e+000 -7.700377e+000 2.936336e-001
3.379430e+000 -7.664221e+000 -6.160088e-001
3.032130e+000 -7.600944e+000 -1.535366e+000
2.796578e+000 -7.668344e+000 -2.420835e+000
2.621571e+000 -7.772869e+000 -3.316681e+000
2.434037e+000 -7.739889e+000 -4.215476e+000
2.252844e+000 -7.579967e+000 -4.903033e+000
2.056380e+000 -7.297208e+000 -5.545364e+000
1.904967e+000 -6.967494e+000 -6.177426e+000
1.790501e+000 -6.394475e+000 -7.077032e+000
1.638011e+000 -5.590800e+000 -7.770993e+000
1.544057e+000 -4.527047e+000 -7.872622e+000
4.610926e+000 -7.156732e+000 1.170184e+000
4.335504e+000 -6.959790e+000 6.411969e-001
4.021074e+000 -6.818667e+000 1.161458e-001
3.747812e+000 -6.665218e+000 -4.281377e-001
3.503894e+000 -6.487370e+000 -9.788982e-001
3.296940e+000 -6.137061e+000 -1.457336e+000
