[individuals]
1
[dimensions]
3
[landmarks]
40
[rawpoints]
'#1
-2.238554e+000 1.793052e+001 -7.270538e+001
1.092491e+000 1.732746e+001 -6.089925e+001
-2.491894e-001 1.694912e+001 -7.284480e+001
-4.139451e+000 1.707424e+001 -7.092079e+001
-3.882648e+000 1.721244e+001 -7.018773e+001
8.113621e-001 1.739803e+001 -6.987099e+001
-6.542587e-002 1.809530e+001 -6.936010e+001
-4.334389e-001 1.750740e+001 -7.246884e+001
-2.072180e+000 1.751255e+001 -7.143509e+001
-5.815198e-001 1.850850e+001 -7.196348e+001
-2.018224e+000 1.724804e+001 -7.250857e+001
-2.958111e-001 1.729237e+001 -6.507531e+001
-3.794050e-001 1.734274e+001 -6.517509e+001
-4.381916e-001 1.734744e+001 -6.530161e+001
-4.839077e-001 1.734632e+001 -6.543349e+001
-5.488787e-001 1.733723e+001 -6.583791e+001
-5.504664e-001 1.731390e+001 -6.624696e+001
-5.108023e-001 1.727362e+001 -6.665276e+001
-3.549047e-001 1.720378e+001 -6.721913e+001
-2.326183e-001 1.715854e+001 -6.779583e+001
-2.969902e-001 1.706329e+001 -6.837599e+001
1.585297e+000 1.708240e+001 -6.280062e+001
1.697702e+000 1.694982e+001 -6.377624e+001
1.663326e+000 1.694091e+001 -6.476661e+001
1.585461e+000 1.698410e+001 -6.575359e+001
1.626989e+000 1.712542e+001 -6.684937e+001
1.731750e+000 1.730945e+001 -6.793454e+001
1.572871e+000 1.752810e+001 -6.900659e+001
1.381921e+000 1.760833e+001 -6.980740e+001
1.176687e+000 1.766407e+001 -7.060676e+001
8.659847e-001 1.778288e+001 -7.136409e+001
5.547984e-001 1.794706e+001 -7.183230e+001
1.189516e-001 1.804826e+001 -7.221027e+001
-4.589542e-001 1.807657e+001 -7.230104e+001
8.965327e-001 1.733749e+001 -6.280979e+001
7.752659e-001 1.730648e+001 -6.332972e+001
6.975634e-001 1.727201e+001 -6.385768e+001
5.739433e-001 1.724916e+001 -6.437746e+001
4.094502e-001 1.722636e+001 -6.488579e+001
8.351898e-002 1.721692e+001 -6.530965e+001
