[individuals]
1
[dimensions]
3
[landmarks]
40
[rawpoints]
'#1
2.160696e+000 2.095434e+001 -8.929794e+001
2.269412e-001 1.790285e+001 -8.167152e+001
8.016758e-001 1.965470e+001 -8.976495e+001
1.853459e+000 2.220937e+001 -8.800413e+001
1.769943e+000 2.234169e+001 -8.767668e+001
7.959350e-001 1.850869e+001 -8.799619e+001
1.603252e+000 1.910014e+001 -8.745252e+001
1.464749e+000 1.968095e+001 -8.939347e+001
1.786207e+000 2.084250e+001 -8.864909e+001
2.194005e+000 1.939300e+001 -8.901556e+001
1.527583e+000 2.096404e+001 -8.912433e+001
8.820385e-001 1.900668e+001 -8.437982e+001
8.811116e-001 1.907345e+001 -8.448360e+001
8.812164e-001 1.913976e+001 -8.458766e+001
8.886776e-001 1.916256e+001 -8.470871e+001
9.064206e-001 1.921572e+001 -8.499573e+001
9.293660e-001 1.925444e+001 -8.528468e+001
9.345791e-001 1.927751e+001 -8.557616e+001
9.007022e-001 1.927711e+001 -8.599367e+001
8.993295e-001 1.927273e+001 -8.641293e+001
8.925388e-001 1.937392e+001 -8.681898e+001
2.526371e-001 1.771472e+001 -8.320648e+001
2.429213e-001 1.771562e+001 -8.378550e+001
2.653958e-001 1.776662e+001 -8.436189e+001
3.122032e-001 1.782074e+001 -8.493656e+001
3.923531e-001 1.778215e+001 -8.561533e+001
5.046399e-001 1.768450e+001 -8.628351e+001
6.658728e-001 1.768851e+001 -8.694880e+001
9.046692e-001 1.789390e+001 -8.769195e+001
1.175099e+000 1.821061e+001 -8.838341e+001
1.475157e+000 1.859774e+001 -8.902496e+001
1.610851e+000 1.883099e+001 -8.924138e+001
1.711608e+000 1.915310e+001 -8.931719e+001
1.830241e+000 1.947677e+001 -8.928864e+001
4.712784e-001 1.816549e+001 -8.306572e+001
5.172625e-001 1.826640e+001 -8.336994e+001
5.344483e-001 1.833260e+001 -8.368645e+001
5.529749e-001 1.841343e+001 -8.399944e+001
6.019611e-001 1.852514e+001 -8.429939e+001
7.106014e-001 1.868106e+001 -8.456155e+001
