[individuals]
1
[dimensions]
3
[landmarks]
40
[rawpoints]
'#1
-4.521341e-001 -1.853866e+001 -4.623006e+001
-3.227491e+000 -1.760246e+001 -3.014037e+001
2.052927e+000 -2.001727e+001 -4.517303e+001
-3.197332e+000 -1.875395e+001 -4.532571e+001
-3.288024e+000 -1.865718e+001 -4.458652e+001
2.646431e+000 -1.870336e+001 -4.065221e+001
1.095196e+000 -1.776260e+001 -4.055956e+001
1.674058e+000 -1.911620e+001 -4.469492e+001
-7.536915e-001 -1.868439e+001 -4.449905e+001
1.595989e+000 -1.744414e+001 -4.436823e+001
-1.713310e-001 -1.936417e+001 -4.584657e+001
-1.478002e+000 -1.827778e+001 -3.540706e+001
-1.483416e+000 -1.819478e+001 -3.557527e+001
-1.542244e+000 -1.819138e+001 -3.575341e+001
-1.688943e+000 -1.828217e+001 -3.582718e+001
-1.643272e+000 -1.827636e+001 -3.638912e+001
-1.429746e+000 -1.827479e+001 -3.691098e+001
-1.080693e+000 -1.832571e+001 -3.735085e+001
-5.376089e-001 -1.841520e+001 -3.804330e+001
-1.753836e-002 -1.852174e+001 -3.875084e+001
1.966205e-001 -1.864546e+001 -3.960011e+001
-1.499833e+000 -1.806704e+001 -3.132146e+001
-6.178244e-001 -1.845847e+001 -3.217265e+001
2.020202e-001 -1.869375e+001 -3.313606e+001
8.146507e-001 -1.881211e+001 -3.426138e+001
1.490856e+000 -1.877692e+001 -3.568583e+001
2.288417e+000 -1.865586e+001 -3.704107e+001
2.861212e+000 -1.852825e+001 -3.850507e+001
3.075542e+000 -1.845165e+001 -3.966962e+001
3.204704e+000 -1.845806e+001 -4.084912e+001
3.315754e+000 -1.836331e+001 -4.202669e+001
3.213387e+000 -1.816719e+001 -4.318913e+001
2.683780e+000 -1.822532e+001 -4.424570e+001
1.676126e+000 -1.847090e+001 -4.481549e+001
-2.119704e+000 -1.766999e+001 -3.204519e+001
-1.758129e+000 -1.789440e+001 -3.266450e+001
-1.396097e+000 -1.822320e+001 -3.323492e+001
-1.195880e+000 -1.843303e+001 -3.392811e+001
-1.166684e+000 -1.818715e+001 -3.467903e+001
-9.284294e-001 -1.831644e+001 -3.533749e+001
