[individuals]
1
[dimensions]
3
[landmarks]
40
[rawpoints]
'#1
6.406335e+000 -4.113336e+000 -3.034904e+000
-3.078682e+000 -6.518367e+000 -3.322884e+000
6.837803e+000 -6.153214e+000 -3.516701e+000
5.263938e+000 -2.861283e+000 -3.808639e+000
4.948253e+000 -2.854460e+000 -3.747714e+000
4.504233e+000 -6.872754e+000 -3.084608e+000
4.131291e+000 -5.890130e+000 -2.672187e+000
6.395417e+000 -5.799520e+000 -3.120431e+000
5.372998e+000 -4.407506e+000 -3.353214e+000
6.036850e+000 -5.439549e+000 -2.218999e+000
6.457747e+000 -4.389100e+000 -3.446676e+000
4.988674e-001 -5.688722e+000 -3.281058e+000
6.256348e-001 -5.661746e+000 -3.315863e+000
7.592554e-001 -5.654492e+000 -3.326033e+000
8.933851e-001 -5.658734e+000 -3.325341e+000
1.381566e+000 -5.671949e+000 -3.323168e+000
1.862655e+000 -5.755778e+000 -3.319888e+000
2.350893e+000 -5.746114e+000 -3.324617e+000
2.765043e+000 -5.771911e+000 -3.369146e+000
3.180965e+000 -5.799820e+000 -3.438097e+000
3.587516e+000 -5.868075e+000 -3.518113e+000
-1.695120e+000 -7.138494e+000 -3.248546e+000
-9.098905e-001 -7.270098e+000 -3.398521e+000
-1.153978e-001 -7.414527e+000 -3.463912e+000
6.934738e-001 -7.443591e+000 -3.428774e+000
1.605742e+000 -7.453713e+000 -3.266757e+000
2.502676e+000 -7.533233e+000 -3.048109e+000
3.401786e+000 -7.531709e+000 -2.824028e+000
4.025103e+000 -7.402238e+000 -2.656044e+000
4.618911e+000 -7.161335e+000 -2.504846e+000
5.200276e+000 -6.875015e+000 -2.388489e+000
5.748243e+000 -6.536485e+000 -2.308033e+000
6.161212e+000 -6.043501e+000 -2.396299e+000
6.307460e+000 -5.460553e+000 -2.641485e+000
-1.705617e+000 -6.545401e+000 -3.167170e+000
-1.269725e+000 -6.480937e+000 -3.182847e+000
-8.295522e-001 -6.461735e+000 -3.199649e+000
-3.918395e-001 -6.422887e+000 -3.235484e+000
3.783386e-002 -6.325896e+000 -3.254761e+000
4.481711e-001 -6.164610e+000 -3.252736e+000
