[individuals]
1
[dimensions]
3
[landmarks]
40
[rawpoints]
'#1
6.581204e+000 -5.441842e+000 -1.818059e+000
-2.441343e+000 -5.532884e+000 1.199862e+000
6.173088e+000 -6.845907e+000 -2.528379e+000
5.311347e+000 -3.941879e+000 -1.701690e+000
5.230752e+000 -3.903900e+000 -1.686232e+000
4.525951e+000 -7.200684e+000 -1.439207e+000
4.293969e+000 -6.383302e+000 -8.023483e-001
6.210167e+000 -6.601455e+000 -1.995301e+000
5.623106e+000 -5.241873e+000 -1.680594e+000
6.212969e+000 -6.575250e+000 -8.291899e-001
6.350379e+000 -5.480773e+000 -2.236497e+000
8.723391e-001 -5.814975e+000 1.227208e-001
7.802064e-001 -6.147346e+000 1.323235e-001
9.446975e-001 -6.062398e+000 -1.618634e-001
1.139404e+000 -5.777958e+000 -1.254503e-001
1.462626e+000 -5.974227e+000 -2.973208e-001
1.839457e+000 -6.054727e+000 -4.524335e-001
2.211704e+000 -6.059741e+000 -6.366449e-001
2.603941e+000 -6.226634e+000 -8.326696e-001
3.007862e+000 -6.286442e+000 -1.063728e+000
3.398899e+000 -6.266366e+000 -1.322216e+000
-9.007637e-001 -7.122324e+000 2.340248e-001
-4.430200e-001 -7.333512e+000 -2.361313e-002
2.795087e-002 -7.545686e+000 -2.552753e-001
5.315083e-001 -7.733447e+000 -4.332985e-001
1.543289e+000 -7.854687e+000 -6.181870e-001
2.557199e+000 -8.022562e+000 -7.460250e-001
3.579463e+000 -7.932314e+000 -8.852760e-001
3.957575e+000 -7.808841e+000 -9.863272e-001
4.336033e+000 -7.685255e+000 -1.085879e+000
4.721293e+000 -7.572969e+000 -1.171862e+000
5.453187e+000 -7.449904e+000 -1.325333e+000
6.091311e+000 -7.074916e+000 -1.488430e+000
6.370986e+000 -6.373897e+000 -1.557170e+000
-4.901183e-001 -6.450001e+000 3.942986e-001
-2.511859e-001 -6.524137e+000 1.947110e-001
4.268308e-002 -6.562028e+000 7.376764e-002
3.518089e-001 -6.580573e+000 -6.958035e-003
6.542720e-001 -6.475983e+000 -1.093279e-002
7.634989e-001 -6.185591e+000 6.754490e-002
