[individuals]
1
[dimensions]
3
[landmarks]
40
[rawpoints]
'#1
7.899135e-001 -4.424768e+000 -7.148633e+000
5.439276e-001 -7.722530e+000 7.416763e-001
-2.205986e-001 -6.076542e+000 -7.698005e+000
7.090935e-001 -3.496112e+000 -6.288507e+000
7.842605e-001 -3.488440e+000 -6.035157e+000
1.769932e-001 -7.331352e+000 -5.636790e+000
7.050240e-001 -6.141448e+000 -5.293167e+000
4.526262e-001 -6.000684e+000 -7.387520e+000
4.924376e-001 -4.798398e+000 -6.553763e+000
1.288764e+000 -6.385456e+000 -7.005623e+000
2.030176e-001 -4.642453e+000 -7.233652e+000
6.619503e-001 -6.837083e+000 -1.421722e+000
6.826213e-001 -6.753831e+000 -1.475795e+000
6.866938e-001 -6.666657e+000 -1.527420e+000
6.325353e-001 -6.603395e+000 -1.585273e+000
5.481896e-001 -6.416327e+000 -1.907476e+000
5.269584e-001 -6.324749e+000 -2.277726e+000
4.543047e-001 -6.311334e+000 -2.652511e+000
3.233778e-001 -6.315126e+000 -3.161988e+000
1.433251e-001 -6.586744e+000 -3.574908e+000
1.731249e-001 -6.359511e+000 -4.048388e+000
2.589720e-001 -7.942334e+000 -4.329285e-001
7.011177e-002 -7.987153e+000 -8.975209e-001
-2.930507e-002 -8.011739e+000 -1.390508e+000
-5.766180e-002 -7.986081e+000 -1.892566e+000
-2.922332e-002 -8.025200e+000 -2.615296e+000
5.268117e-002 -8.095635e+000 -3.331552e+000
1.167753e-001 -8.121391e+000 -4.052587e+000
2.220081e-001 -7.975617e+000 -4.810792e+000
3.337880e-001 -7.720984e+000 -5.538712e+000
4.602714e-001 -7.429709e+000 -6.250302e+000
6.121339e-001 -7.137482e+000 -6.836570e+000
7.325547e-001 -6.628469e+000 -7.259163e+000
8.245166e-001 -5.965675e+000 -7.325629e+000
5.124305e-001 -7.551080e+000 -5.027159e-001
4.639649e-001 -7.490059e+000 -7.818793e-001
4.229930e-001 -7.415251e+000 -1.058880e+000
3.758247e-001 -7.336453e+000 -1.333781e+000
3.662962e-001 -7.226733e+000 -1.601880e+000
4.818516e-001 -7.029716e+000 -1.780280e+000
