[individuals]
1
[dimensions]
3
[landmarks]
40
[rawpoints]
'#1
2.321870e+000 -4.018573e+000 -6.784338e+000
1.663885e+000 -6.365770e+000 -3.089249e-001
1.909665e+000 -5.437631e+000 -7.294516e+000
2.100356e+000 -3.043746e+000 -6.044116e+000
2.107017e+000 -3.092450e+000 -5.891042e+000
1.756490e+000 -6.216251e+000 -5.298293e+000
2.122900e+000 -5.229695e+000 -5.273982e+000
2.072718e+000 -5.333657e+000 -7.034858e+000
2.048938e+000 -4.251958e+000 -6.301677e+000
2.616110e+000 -5.448549e+000 -6.542273e+000
1.879034e+000 -4.093820e+000 -6.829938e+000
1.818427e+000 -5.416298e+000 -2.403617e+000
1.847263e+000 -5.390664e+000 -2.462016e+000
1.851195e+000 -5.342809e+000 -2.512945e+000
1.854940e+000 -5.324441e+000 -2.580384e+000
1.856751e+000 -5.276916e+000 -2.809941e+000
1.858454e+000 -5.229842e+000 -3.039589e+000
1.841328e+000 -5.232317e+000 -3.273379e+000
1.821654e+000 -5.293713e+000 -3.604018e+000
1.818087e+000 -5.284404e+000 -3.940714e+000
1.804966e+000 -5.341434e+000 -4.272459e+000
1.664305e+000 -6.617181e+000 -1.309666e+000
1.512620e+000 -6.693125e+000 -1.777131e+000
1.420641e+000 -6.703139e+000 -2.265743e+000
1.398139e+000 -6.708579e+000 -2.762497e+000
1.460662e+000 -6.707374e+000 -3.397617e+000
1.589004e+000 -6.723773e+000 -4.022564e+000
1.723515e+000 -6.702971e+000 -4.646081e+000
1.785102e+000 -6.594857e+000 -5.146154e+000
1.838688e+000 -6.420241e+000 -5.628017e+000
1.938093e+000 -6.214625e+000 -6.089962e+000
2.115561e+000 -6.014166e+000 -6.535044e+000
2.310542e+000 -5.703811e+000 -6.903086e+000
2.344703e+000 -5.185729e+000 -6.917213e+000
1.703526e+000 -6.227767e+000 -1.266053e+000
1.686118e+000 -6.187213e+000 -1.575069e+000
1.659098e+000 -6.142373e+000 -1.882801e+000
1.620038e+000 -6.077476e+000 -2.185606e+000
1.633793e+000 -5.984824e+000 -2.483369e+000
1.771086e+000 -5.780245e+000 -2.675023e+000
