[individuals]
1
[dimensions]
3
[landmarks]
40
[rawpoints]
'#1
-1.178087e+000 -5.948713e+000 -6.343404e+000
6.068316e+000 -8.327242e+000 -6.634258e+000
-1.467276e+000 -7.266749e+000 -4.896270e+000
-9.006200e-003 -4.783589e+000 -6.605856e+000
8.656670e-002 -4.830298e+000 -6.626195e+000
4.153646e-001 -7.375950e+000 -5.586497e+000
6.732082e-001 -7.140840e+000 -6.235907e+000
-1.060716e+000 -6.993685e+000 -5.580789e+000
-5.614866e-001 -6.026799e+000 -6.207877e+000
-1.028935e+000 -7.508627e+000 -6.396366e+000
-1.006531e+000 -6.002409e+000 -5.872581e+000
3.908498e+000 -7.627364e+000 -6.502335e+000
3.792297e+000 -7.577674e+000 -6.469543e+000
3.683297e+000 -7.511994e+000 -6.440363e+000
3.583392e+000 -7.429996e+000 -6.421844e+000
3.250226e+000 -7.365948e+000 -6.348139e+000
2.915102e+000 -7.346574e+000 -6.259500e+000
2.582255e+000 -7.331428e+000 -6.161964e+000
2.150922e+000 -7.307149e+000 -6.020038e+000
1.725326e+000 -7.320616e+000 -5.860497e+000
1.302379e+000 -7.304566e+000 -5.694244e+000
5.161733e+000 -8.612535e+000 -6.077279e+000
4.717317e+000 -8.626125e+000 -5.834698e+000
4.237953e+000 -8.640497e+000 -5.671788e+000
3.742564e+000 -8.657038e+000 -5.567607e+000
2.972072e+000 -8.663416e+000 -5.509343e+000
2.199558e+000 -8.680925e+000 -5.504952e+000
1.426901e+000 -8.670700e+000 -5.501546e+000
9.226095e-001 -8.581686e+000 -5.487009e+000
4.291798e-001 -8.444452e+000 -5.476067e+000
-6.609030e-002 -8.318201e+000 -5.510756e+000
-6.297334e-001 -8.125451e+000 -5.637429e+000
-1.121158e+000 -7.816809e+000 -5.822196e+000
-1.313679e+000 -7.282935e+000 -6.043091e+000
4.879019e+000 -8.305866e+000 -6.370998e+000
4.639156e+000 -8.255621e+000 -6.330358e+000
4.401050e+000 -8.250517e+000 -6.259721e+000
4.162650e+000 -8.215096e+000 -6.199550e+000
3.927281e+000 -8.139938e+000 -6.173798e+000
3.762626e+000 -7.969527e+000 -6.248335e+000
