[individuals]
1
[dimensions]
3
[landmarks]
40
[rawpoints]
'#1
1.232292e+000 2.009569e+001 -4.266950e+001
-2.183936e+000 2.035708e+001 -5.069440e+001
-4.127103e-001 1.903663e+001 -4.223142e+001
2.399143e+000 1.958415e+001 -4.371288e+001
2.534740e+000 1.959055e+001 -4.400711e+001
-1.363768e+000 1.986214e+001 -4.417002e+001
-7.091994e-001 2.048090e+001 -4.444797e+001
-9.912014e-002 1.971921e+001 -4.255704e+001
1.022364e+000 1.990129e+001 -4.348932e+001
-2.614384e-002 2.050098e+001 -4.269687e+001
1.094658e+000 1.967917e+001 -4.266658e+001
-7.535170e-001 2.015405e+001 -4.809010e+001
-7.196488e-001 2.011017e+001 -4.791169e+001
-7.295172e-001 2.007804e+001 -4.772793e+001
-5.589516e-001 2.004285e+001 -4.766032e+001
-5.466789e-001 2.003131e+001 -4.726725e+001
-5.335101e-001 2.003691e+001 -4.687408e+001
-5.266544e-001 1.999891e+001 -4.648256e+001
-5.375593e-001 1.987693e+001 -4.599862e+001
-5.571226e-001 1.974466e+001 -4.551765e+001
-4.135877e-001 1.951621e+001 -4.509761e+001
-2.426796e+000 1.996355e+001 -4.918158e+001
-2.446177e+000 1.981863e+001 -4.876478e+001
-2.460167e+000 1.977402e+001 -4.832557e+001
-2.406113e+000 1.978464e+001 -4.788731e+001
-2.236041e+000 1.985614e+001 -4.703631e+001
-2.122167e+000 1.998613e+001 -4.618284e+001
-2.005267e+000 2.008508e+001 -4.532562e+001
-1.789525e+000 2.008129e+001 -4.457105e+001
-1.509739e+000 2.003528e+001 -4.383925e+001
-1.198458e+000 2.003676e+001 -4.311881e+001
-9.445959e-001 2.008862e+001 -4.271545e+001
-5.295057e-001 2.013697e+001 -4.248050e+001
-5.385328e-002 2.019506e+001 -4.249490e+001
-1.915018e+000 2.021240e+001 -4.920449e+001
-1.806564e+000 2.017898e+001 -4.890887e+001
-1.769625e+000 2.012299e+001 -4.859939e+001
-1.733635e+000 2.007184e+001 -4.828897e+001
-1.546687e+000 2.010066e+001 -4.803505e+001
-1.271053e+000 2.011777e+001 -4.788010e+001
