[individuals]
1
[dimensions]
3
[landmarks]
40
[rawpoints]
'#1
-1.941601e+000 -4.437725e+000 -4.252801e+000
6.695915e+000 -6.963071e+000 -5.904879e+000
-2.312672e+000 -6.333263e+000 -3.887127e+000
-3.462270e-001 -3.368502e+000 -3.840455e+000
-1.765433e-001 -3.459939e+000 -3.929504e+000
-3.633395e-001 -7.096609e+000 -4.877130e+000
3.115196e-001 -6.182196e+000 -5.269002e+000
-2.202418e+000 -5.797054e+000 -4.461130e+000
-1.013438e+000 -4.599076e+000 -4.353806e+000
-1.853868e+000 -5.485621e+000 -5.284260e+000
-1.664035e+000 -4.750079e+000 -3.937835e+000
4.201856e+000 -6.048137e+000 -5.457814e+000
4.086021e+000 -5.991418e+000 -5.451062e+000
3.980265e+000 -5.931691e+000 -5.407145e+000
3.856524e+000 -5.906542e+000 -5.380010e+000
3.477274e+000 -5.878041e+000 -5.298437e+000
3.097211e+000 -5.855810e+000 -5.218760e+000
2.722909e+000 -5.904944e+000 -5.125084e+000
2.258122e+000 -6.024600e+000 -5.028907e+000
1.781021e+000 -6.053357e+000 -4.924752e+000
1.326781e+000 -6.025412e+000 -4.743879e+000
5.771253e+000 -7.339867e+000 -5.706177e+000
5.208550e+000 -7.522058e+000 -5.512139e+000
4.602637e+000 -7.611466e+000 -5.401017e+000
3.982629e+000 -7.624253e+000 -5.347065e+000
3.031435e+000 -7.616587e+000 -5.365526e+000
2.086176e+000 -7.616030e+000 -5.473534e+000
1.141139e+000 -7.513531e+000 -5.513020e+000
6.067801e-001 -7.420812e+000 -5.460087e+000
8.398874e-002 -7.289951e+000 -5.379436e+000
-4.396509e-001 -7.141344e+000 -5.353920e+000
-1.156114e+000 -6.776521e+000 -5.328023e+000
-1.789962e+000 -6.285489e+000 -5.263497e+000
-2.073688e+000 -5.609073e+000 -4.933324e+000
5.550178e+000 -6.871504e+000 -5.747634e+000
5.209003e+000 -6.827128e+000 -5.699624e+000
4.874058e+000 -6.886508e+000 -5.629214e+000
4.540639e+000 -6.860293e+000 -5.535386e+000
4.216752e+000 -6.751073e+000 -5.473421e+000
4.107576e+000 -6.424127e+000 -5.516445e+000
