[individuals]
1
[dimensions]
3
[landmarks]
40
[rawpoints]
'#1
1.456027e+000 -5.362084e+000 -9.807306e+000
2.028722e+000 -7.062333e+000 -1.213152e+000
6.842989e-001 -7.033949e+000 -9.604228e+000
7.900305e-001 -4.016541e+000 -8.773654e+000
7.895517e-001 -3.901852e+000 -8.551813e+000
1.440267e+000 -7.484309e+000 -7.620335e+000
1.923237e+000 -6.575937e+000 -7.353051e+000
1.371513e+000 -6.622869e+000 -9.452678e+000
1.220917e+000 -5.262662e+000 -8.825937e+000
2.148022e+000 -6.421098e+000 -9.199747e+000
1.026061e+000 -5.432181e+000 -9.536237e+000
1.784949e+000 -6.581515e+000 -3.722148e+000
1.741759e+000 -6.421684e+000 -3.779577e+000
1.732831e+000 -6.341650e+000 -3.935217e+000
1.699376e+000 -6.284400e+000 -4.097434e+000
1.651627e+000 -6.337294e+000 -4.408493e+000
1.596113e+000 -6.351410e+000 -4.722425e+000
1.550704e+000 -6.397731e+000 -5.034873e+000
1.470427e+000 -6.480708e+000 -5.482145e+000
1.404183e+000 -6.592219e+000 -5.925524e+000
1.344407e+000 -6.579294e+000 -6.383394e+000
1.779268e+000 -7.657403e+000 -2.365820e+000
1.739053e+000 -7.853024e+000 -2.916905e+000
1.715891e+000 -7.936059e+000 -3.496699e+000
1.676785e+000 -7.948081e+000 -4.081419e+000
1.655402e+000 -7.950841e+000 -4.800046e+000
1.697069e+000 -7.987978e+000 -5.516811e+000
1.746311e+000 -8.001715e+000 -6.233958e+000
1.763395e+000 -7.951814e+000 -6.711347e+000
1.781775e+000 -7.861927e+000 -7.182802e+000
1.815803e+000 -7.742398e+000 -7.646732e+000
1.895426e+000 -7.505845e+000 -8.392975e+000
1.914104e+000 -7.130349e+000 -9.084223e+000
1.782170e+000 -6.464353e+000 -9.481975e+000
1.950461e+000 -7.171674e+000 -2.541625e+000
1.900341e+000 -7.173181e+000 -2.828658e+000
1.845791e+000 -7.183710e+000 -3.114676e+000
1.781060e+000 -7.187445e+000 -3.398741e+000
1.743141e+000 -7.120292e+000 -3.679721e+000
1.800686e+000 -6.884340e+000 -3.840684e+000
