[individuals]
1
[dimensions]
3
[landmarks]
40
[rawpoints]
'#1
3.577039e+000 -4.477609e+000 5.240898e-001
-2.326545e+000 -6.613477e+000 -4.113742e+000
4.389393e+000 -5.842266e+000 -2.738440e-001
3.320152e+000 -3.095654e+000 -3.248360e-001
3.196556e+000 -3.088762e+000 -3.967720e-001
2.597340e+000 -6.728925e+000 -9.691025e-001
2.183997e+000 -5.800202e+000 -5.373091e-001
3.822690e+000 -5.535081e+000 1.565079e-001
3.213774e+000 -4.524079e+000 -1.323042e-001
3.102495e+000 -5.694147e+000 7.004671e-001
3.761639e+000 -4.556680e+000 5.352907e-002
-3.480976e-001 -5.825139e+000 -2.703841e+000
-2.394173e-001 -5.785663e+000 -2.686390e+000
-1.480405e-001 -5.723705e+000 -2.647846e+000
-4.702570e-002 -5.712300e+000 -2.590045e+000
1.481566e-001 -5.708422e+000 -2.443581e+000
3.327785e-001 -5.726855e+000 -2.285044e+000
5.396431e-001 -5.757022e+000 -2.159122e+000
9.736818e-001 -5.772084e+000 -1.959109e+000
1.408842e+000 -5.842932e+000 -1.774053e+000
1.859225e+000 -5.784762e+000 -1.624407e+000
-1.173557e+000 -7.033479e+000 -3.594633e+000
-7.301385e-001 -7.079459e+000 -3.466122e+000
-3.185057e-001 -7.197221e+000 -3.287343e+000
6.772440e-002 -7.239142e+000 -3.033705e+000
6.091214e-001 -7.298373e+000 -2.579473e+000
1.109512e+000 -7.345960e+000 -2.079126e+000
1.615273e+000 -7.339731e+000 -1.581992e+000
1.985594e+000 -7.266737e+000 -1.254261e+000
2.349003e+000 -7.118886e+000 -9.445156e-001
2.687898e+000 -6.945520e+000 -6.205343e-001
3.113055e+000 -6.670657e+000 -1.291609e-001
3.463163e+000 -6.197686e+000 2.600243e-001
3.558941e+000 -5.526771e+000 4.560589e-001
-1.302753e+000 -6.554451e+000 -3.471312e+000
-1.072357e+000 -6.507539e+000 -3.312465e+000
-8.257939e-001 -6.489155e+000 -3.173266e+000
-5.660480e-001 -6.466622e+000 -3.061302e+000
-3.408233e-001 -6.397601e+000 -2.903118e+000
-3.093132e-001 -6.210708e+000 -2.691966e+000
