[individuals]
1
[dimensions]
3
[landmarks]
40
[rawpoints]
'#1
2.027329e+000 -7.437701e+000 -7.917615e+000
6.812682e-001 -4.135193e+000 -5.278551e-001
1.025112e+000 -5.841853e+000 -8.590645e+000
3.352552e+000 -7.176202e+000 -6.732767e+000
3.315877e+000 -7.138827e+000 -6.575322e+000
2.352123e-001 -5.437262e+000 -6.305654e+000
5.454580e-001 -6.335969e+000 -6.075386e+000
9.962890e-001 -6.534871e+000 -8.064505e+000
2.123821e+000 -6.963675e+000 -7.205652e+000
5.889883e-001 -7.205293e+000 -7.586104e+000
2.113017e+000 -6.920483e+000 -7.895133e+000
1.064741e+000 -5.166293e+000 -3.483279e+000
1.124135e+000 -5.230215e+000 -3.535100e+000
1.154040e+000 -5.281063e+000 -3.617682e+000
1.168802e+000 -5.318601e+000 -3.710806e+000
1.178508e+000 -5.409492e+000 -4.009679e+000
1.153552e+000 -5.461600e+000 -4.316840e+000
1.130177e+000 -5.497733e+000 -4.626395e+000
1.104062e+000 -5.511918e+000 -5.000666e+000
1.115810e+000 -5.521691e+000 -5.379180e+000
1.060839e+000 -5.484916e+000 -5.750454e+000
2.278923e-001 -4.073262e+000 -1.663657e+000
4.271784e-002 -4.030215e+000 -2.298506e+000
-3.370493e-002 -4.164382e+000 -2.943004e+000
-8.737910e-002 -4.335080e+000 -3.581104e+000
-1.771967e-001 -4.583440e+000 -4.307495e+000
-2.960085e-001 -4.870557e+000 -5.015218e+000
-3.398140e-001 -5.189959e+000 -5.717695e+000
-2.677576e-001 -5.444801e+000 -6.217164e+000
-1.789394e-001 -5.702541e+000 -6.712428e+000
-5.435890e-002 -6.001863e+000 -7.175560e+000
1.115266e-001 -6.336717e+000 -7.570441e+000
4.210742e-001 -6.670980e+000 -7.867175e+000
8.831236e-001 -6.950317e+000 -7.930933e+000
6.266884e-001 -4.450831e+000 -1.706018e+000
6.514395e-001 -4.571354e+000 -2.072387e+000
6.151214e-001 -4.621654e+000 -2.453856e+000
6.577592e-001 -4.746068e+000 -2.817241e+000
7.697748e-001 -4.954923e+000 -3.122523e+000
8.449038e-001 -5.131467e+000 -3.458012e+000
