[individuals]
1
[dimensions]
3
[landmarks]
40
[rawpoints]
'#1
4.444126e+000 -4.847669e+000 -3.950130e+000
-2.573506e+000 -6.897418e+000 -4.604826e-001
4.353289e+000 -6.622692e+000 -4.835030e+000
3.281907e+000 -3.716061e+000 -3.930571e+000
3.102026e+000 -3.667527e+000 -3.865670e+000
2.758826e+000 -7.174014e+000 -3.191141e+000
2.564728e+000 -6.420059e+000 -2.637210e+000
4.383599e+000 -6.255731e+000 -4.141776e+000
3.645772e+000 -4.944469e+000 -3.852239e+000
4.409148e+000 -6.361580e+000 -3.198481e+000
3.960854e+000 -5.083903e+000 -4.392918e+000
-3.897920e-001 -5.992686e+000 -1.432825e+000
-3.274054e-001 -5.905461e+000 -1.541283e+000
-2.177608e-001 -5.874758e+000 -1.642767e+000
-9.436050e-002 -5.849553e+000 -1.728800e+000
2.023122e-001 -5.927178e+000 -1.942817e+000
5.218591e-001 -5.949903e+000 -2.135767e+000
8.344342e-001 -5.926367e+000 -2.339716e+000
1.159972e+000 -5.943616e+000 -2.583493e+000
1.476900e+000 -5.995099e+000 -2.833698e+000
1.785790e+000 -6.053523e+000 -3.092301e+000
-1.513603e+000 -7.398969e+000 -1.130817e+000
-1.152702e+000 -7.492428e+000 -1.385425e+000
-7.637413e-001 -7.554783e+000 -1.605940e+000
-3.587404e-001 -7.584167e+000 -1.803198e+000
1.420005e-001 -7.583291e+000 -2.007796e+000
6.594323e-001 -7.583879e+000 -2.165461e+000
1.180375e+000 -7.626740e+000 -2.304718e+000
1.738991e+000 -7.575156e+000 -2.482396e+000
2.293044e+000 -7.493060e+000 -2.662859e+000
2.833842e+000 -7.364544e+000 -2.855997e+000
3.623700e+000 -7.210190e+000 -3.139377e+000
4.318038e+000 -6.873428e+000 -3.503337e+000
4.536314e+000 -6.100585e+000 -3.791519e+000
-1.504889e+000 -6.825607e+000 -1.022119e+000
-1.229647e+000 -6.792987e+000 -1.138611e+000
-9.648232e-001 -6.794603e+000 -1.280954e+000
-7.121727e-001 -6.766735e+000 -1.441532e+000
-4.579009e-001 -6.670874e+000 -1.570168e+000
-2.793033e-001 -6.453251e+000 -1.464669e+000
