[individuals]
1
[dimensions]
3
[landmarks]
40
[rawpoints]
'#1
5.299391e+000 -7.648499e+000 -3.738075e+000
-7.723670e-002 -7.305238e+000 -4.532659e+000
4.792520e+000 -8.411989e+000 -4.554746e+000
4.996631e+000 -6.863940e+000 -4.001208e+000
4.951179e+000 -6.843729e+000 -3.986274e+000
3.883247e+000 -8.153569e+000 -4.220101e+000
3.449790e+000 -7.940399e+000 -4.050494e+000
4.841653e+000 -8.197299e+000 -4.155782e+000
4.802733e+000 -7.545183e+000 -3.975785e+000
4.487930e+000 -8.249411e+000 -3.637548e+000
5.239264e+000 -7.652683e+000 -4.158412e+000
1.548271e+000 -7.392811e+000 -4.260660e+000
1.639439e+000 -7.388349e+000 -4.275494e+000
1.730899e+000 -7.375996e+000 -4.269696e+000
1.822828e+000 -7.377898e+000 -4.259834e+000
1.979415e+000 -7.419251e+000 -4.263018e+000
2.124423e+000 -7.489677e+000 -4.278951e+000
2.279354e+000 -7.534873e+000 -4.292901e+000
2.522736e+000 -7.568522e+000 -4.321521e+000
2.766473e+000 -7.596516e+000 -4.353088e+000
3.011139e+000 -7.608170e+000 -4.387587e+000
6.656767e-001 -7.857171e+000 -4.555128e+000
9.416649e-001 -8.007780e+000 -4.611342e+000
1.234409e+000 -8.133849e+000 -4.632028e+000
1.537535e+000 -8.233402e+000 -4.617314e+000
1.884582e+000 -8.244725e+000 -4.566018e+000
2.209475e+000 -8.320413e+000 -4.456872e+000
2.527789e+000 -8.416334e+000 -4.344258e+000
2.929970e+000 -8.467256e+000 -4.274026e+000
3.338026e+000 -8.484943e+000 -4.224492e+000
3.744204e+000 -8.475473e+000 -4.159719e+000
4.135256e+000 -8.456358e+000 -4.072649e+000
4.521396e+000 -8.390647e+000 -3.986363e+000
4.849792e+000 -8.176414e+000 -3.901948e+000
9.181496e-001 -7.607255e+000 -4.490463e+000
1.061740e+000 -7.626383e+000 -4.479005e+000
1.203512e+000 -7.656053e+000 -4.490547e+000
1.347746e+000 -7.661629e+000 -4.473828e+000
1.483790e+000 -7.627628e+000 -4.435747e+000
1.514261e+000 -7.571585e+000 -4.305200e+000
