[individuals]
1
[dimensions]
3
[landmarks]
40
[rawpoints]
'#1
-1.379289e+000 -3.339706e+000 9.767610e-002
-4.802519e-001 -8.871734e+000 -1.061467e+001
-2.333412e-001 -5.916187e+000 1.357559e+000
-2.942101e-001 -1.578506e+000 -1.410750e+000
-2.852045e-001 -1.725814e+000 -2.114306e+000
-1.147128e+000 -7.155869e+000 -1.010695e+000
-1.592280e+000 -6.064460e+000 -2.349370e+000
-9.714111e-001 -5.221429e+000 8.604290e-001
-1.002390e+000 -3.779384e+000 -6.264633e-001
-2.443678e+000 -5.398682e+000 2.679390e-001
-4.534144e-001 -3.600564e+000 3.884068e-001
-9.751505e-001 -7.090918e+000 -7.119065e+000
-8.288914e-001 -6.972434e+000 -6.883096e+000
-7.438282e-001 -6.896234e+000 -6.603681e+000
-7.071627e-001 -6.811637e+000 -6.316245e+000
-6.722847e-001 -6.798652e+000 -5.781117e+000
-6.782678e-001 -6.743908e+000 -5.247510e+000
-6.794168e-001 -6.600835e+000 -4.730511e+000
-6.329948e-001 -6.480956e+000 -4.211715e+000
-5.721539e-001 -6.427241e+000 -3.683417e+000
-4.849739e-001 -6.265993e+000 -3.181330e+000
-3.507408e-001 -9.214035e+000 -8.673906e+000
-1.965174e-001 -9.300158e+000 -7.966876e+000
-1.872484e-001 -9.281699e+000 -7.238402e+000
-2.549225e-001 -9.237745e+000 -6.514115e+000
-4.730838e-001 -9.107218e+000 -5.320495e+000
-8.203111e-001 -9.068883e+000 -4.151145e+000
-1.104162e+000 -8.952318e+000 -2.969946e+000
-1.231812e+000 -8.495066e+000 -2.178375e+000
-1.292917e+000 -8.042435e+000 -1.376279e+000
-1.396130e+000 -7.514979e+000 -6.258908e-001
-1.674952e+000 -6.976305e+000 2.610891e-001
-1.762020e+000 -6.103025e+000 8.812603e-001
-1.605075e+000 -5.043101e+000 7.999660e-001
-4.920124e-001 -8.326357e+000 -8.826975e+000
-5.370924e-001 -8.256872e+000 -8.449460e+000
-5.693362e-001 -8.198179e+000 -8.068817e+000
-5.906589e-001 -8.103968e+000 -7.694592e+000
-6.694492e-001 -7.957782e+000 -7.345599e+000
-8.359343e-001 -7.699900e+000 -7.110766e+000
