[individuals]
1
[dimensions]
3
[landmarks]
40
[rawpoints]
'#1
5.028761e+000 -3.366783e+000 -4.906138e+000
-8.013015e-001 -6.371816e+000 -2.585840e+000
5.221293e+000 -5.107335e+000 -5.775940e+000
3.923933e+000 -2.585721e+000 -5.093799e+000
3.821219e+000 -2.543164e+000 -5.087193e+000
4.055482e+000 -5.744811e+000 -4.688020e+000
3.649600e+000 -5.144416e+000 -3.968565e+000
5.329543e+000 -4.721076e+000 -5.190488e+000
4.464277e+000 -3.644780e+000 -4.808990e+000
5.342406e+000 -4.424956e+000 -4.202843e+000
4.914375e+000 -3.623471e+000 -5.322105e+000
1.112043e+000 -5.401869e+000 -3.262006e+000
1.208755e+000 -5.383168e+000 -3.359887e+000
1.323060e+000 -5.384143e+000 -3.438739e+000
1.439037e+000 -5.351714e+000 -3.507894e+000
1.676612e+000 -5.362254e+000 -3.634287e+000
1.914366e+000 -5.329112e+000 -3.756383e+000
2.149152e+000 -5.304029e+000 -3.885897e+000
2.419945e+000 -5.305425e+000 -4.053504e+000
2.693030e+000 -5.277266e+000 -4.214892e+000
2.896060e+000 -5.116994e+000 -4.400669e+000
1.143012e-001 -6.579544e+000 -3.210849e+000
4.432096e-001 -6.612353e+000 -3.452632e+000
7.938620e-001 -6.652330e+000 -3.660392e+000
1.164621e+000 -6.725967e+000 -3.817971e+000
1.773624e+000 -6.635818e+000 -3.984490e+000
2.400790e+000 -6.637709e+000 -4.100205e+000
3.028359e+000 -6.733265e+000 -4.161559e+000
3.496646e+000 -6.492704e+000 -4.287972e+000
3.974479e+000 -6.259242e+000 -4.389599e+000
4.432211e+000 -5.982788e+000 -4.474473e+000
4.994330e+000 -5.694971e+000 -4.552784e+000
5.380828e+000 -5.194371e+000 -4.623348e+000
5.357148e+000 -4.558470e+000 -4.622733e+000
1.537144e-001 -6.138422e+000 -3.059597e+000
3.651349e-001 -6.046152e+000 -3.117249e+000
5.925299e-001 -6.040087e+000 -3.186465e+000
7.960738e-001 -6.004164e+000 -3.304000e+000
9.915889e-001 -5.886131e+000 -3.370166e+000
1.066828e+000 -5.668773e+000 -3.309944e+000
