[individuals]
1
[dimensions]
3
[landmarks]
40
[rawpoints]
'#1
2.019892e+003 3.164289e+003 7.830672e+003
5.688204e+002 2.682436e+003 1.317816e+003
2.783352e+003 1.587981e+003 7.594918e+003
2.199688e+003 4.276334e+003 6.759040e+003
2.157384e+003 4.330522e+003 6.590656e+003
1.909880e+003 1.307625e+003 5.948497e+003
1.184594e+003 1.870594e+003 5.825049e+003
2.186162e+003 1.960322e+003 7.655378e+003
1.958574e+003 3.149651e+003 7.042806e+003
1.552365e+003 2.396146e+003 7.740409e+003
2.468620e+003 3.084548e+003 7.471611e+003
1.035405e+003 2.870827e+003 3.278087e+003
1.135822e+003 2.857125e+003 3.388430e+003
1.197399e+003 2.773752e+003 3.496604e+003
1.234407e+003 2.803629e+003 3.638669e+003
1.322598e+003 2.705850e+003 3.903292e+003
1.396765e+003 2.595121e+003 4.167135e+003
1.487604e+003 2.476946e+003 4.422379e+003
1.620978e+003 2.425564e+003 4.727896e+003
1.760455e+003 2.291386e+003 5.003920e+003
1.919694e+003 2.266628e+003 5.300112e+003
1.021557e+003 1.897678e+003 2.349261e+003
1.204012e+003 1.701699e+003 2.596597e+003
1.323104e+003 1.529617e+003 2.895053e+003
1.393009e+003 1.375666e+003 3.217990e+003
1.422918e+003 1.193426e+003 3.722981e+003
1.394786e+003 1.008056e+003 4.226945e+003
1.382821e+003 8.765668e+002 4.748172e+003
1.472708e+003 8.936486e+002 5.489723e+003
1.596048e+003 1.002352e+003 6.218585e+003
1.650378e+003 1.108336e+003 6.956206e+003
1.689926e+003 1.346410e+003 7.368481e+003
1.757018e+003 1.766394e+003 7.586063e+003
1.796925e+003 2.233434e+003 7.678276e+003
9.583908e+002 2.443402e+003 2.425944e+003
9.762606e+002 2.418766e+003 2.609408e+003
1.005432e+003 2.376122e+003 2.788042e+003
1.050097e+003 2.320493e+003 2.959777e+003
1.073371e+003 2.387215e+003 3.131784e+003
1.032024e+003 2.540513e+003 3.228598e+003
