[individuals]
1
[dimensions]
3
[landmarks]
40
[rawpoints]
'#1
-6.744220e-002 1.971613e+001 -3.749321e+001
6.059029e-001 2.059724e+001 -4.643932e+001
-1.849929e+000 1.898951e+001 -3.780398e+001
1.563099e+000 1.936389e+001 -3.823328e+001
1.636090e+000 1.935420e+001 -3.848266e+001
-1.603864e+000 1.976551e+001 -4.005961e+001
-8.388411e-001 2.027538e+001 -4.003422e+001
-1.376279e+000 1.960999e+001 -3.797774e+001
1.606432e-001 1.962800e+001 -3.839302e+001
-1.148259e+000 2.025800e+001 -3.828340e+001
-1.270843e-001 1.925263e+001 -3.770105e+001
3.506848e-001 2.027007e+001 -4.330480e+001
4.751378e-001 2.023248e+001 -4.319927e+001
5.267190e-001 2.019524e+001 -4.304438e+001
5.579984e-001 2.016669e+001 -4.288237e+001
4.014918e-001 2.012248e+001 -4.255601e+001
2.380776e-001 2.008622e+001 -4.223206e+001
1.066038e-001 2.004030e+001 -4.189506e+001
-1.184199e-001 1.994997e+001 -4.155462e+001
-2.917274e-001 1.984964e+001 -4.118778e+001
-3.874849e-001 1.971985e+001 -4.080219e+001
-2.763828e-001 2.022104e+001 -4.511764e+001
-5.225593e-001 2.005093e+001 -4.462582e+001
-7.290732e-001 1.996331e+001 -4.409559e+001
-9.394463e-001 1.993172e+001 -4.356062e+001
-1.250955e+000 1.995417e+001 -4.272168e+001
-1.583727e+000 2.004788e+001 -4.189593e+001
-1.780175e+000 2.008570e+001 -4.102337e+001
-1.805945e+000 2.003342e+001 -4.023063e+001
-1.815816e+000 1.997882e+001 -3.943769e+001
-1.805367e+000 1.995350e+001 -3.864326e+001
-1.724272e+000 1.994479e+001 -3.840111e+001
-1.570232e+000 1.993213e+001 -3.819765e+001
-1.341210e+000 1.995478e+001 -3.808665e+001
1.765723e-001 2.045281e+001 -4.506940e+001
1.215942e-001 2.036373e+001 -4.469286e+001
5.271809e-002 2.026479e+001 -4.432111e+001
-6.067159e-002 2.013456e+001 -4.397053e+001
-7.430757e-002 2.007760e+001 -4.358414e+001
8.862690e-002 2.017592e+001 -4.324279e+001
