[individuals]
1
[dimensions]
3
[landmarks]
40
[rawpoints]
'#1
-1.394780e+000 1.826958e+001 -1.510552e+001
1.174038e+000 1.794105e+001 -2.376010e+001
4.762709e-001 1.925273e+001 -1.482882e+001
-2.578450e+000 1.850147e+001 -1.632119e+001
-2.618047e+000 1.848037e+001 -1.672445e+001
1.021796e+000 1.857273e+001 -1.701029e+001
4.727057e-001 1.797635e+001 -1.706642e+001
1.470211e-001 1.851381e+001 -1.510664e+001
-1.208644e+000 1.852406e+001 -1.598233e+001
6.982575e-002 1.783886e+001 -1.558829e+001
-1.252394e+000 1.881137e+001 -1.517765e+001
1.680357e-001 1.818708e+001 -2.069010e+001
6.299160e-002 1.821083e+001 -2.060341e+001
-7.409187e-003 1.824113e+001 -2.048836e+001
-6.819153e-002 1.826285e+001 -2.036610e+001
-8.312021e-003 1.831679e+001 -2.007531e+001
2.531311e-002 1.835494e+001 -1.977788e+001
2.550640e-002 1.838824e+001 -1.947798e+001
6.146331e-002 1.846638e+001 -1.909118e+001
1.502428e-001 1.854683e+001 -1.871300e+001
5.226154e-002 1.863103e+001 -1.833814e+001
1.485121e+000 1.830953e+001 -2.229873e+001
1.572801e+000 1.848545e+001 -2.163639e+001
1.597070e+000 1.857985e+001 -2.095238e+001
1.562627e+000 1.862235e+001 -2.026364e+001
1.553327e+000 1.859553e+001 -1.938179e+001
1.596180e+000 1.850281e+001 -1.850539e+001
1.534046e+000 1.842199e+001 -1.762899e+001
1.387166e+000 1.839710e+001 -1.690106e+001
1.233042e+000 1.835791e+001 -1.617525e+001
8.913651e-001 1.833103e+001 -1.551603e+001
6.717151e-001 1.831985e+001 -1.534914e+001
4.136469e-001 1.828021e+001 -1.525943e+001
1.575050e-001 1.817814e+001 -1.524560e+001
1.057953e+000 1.810505e+001 -2.243650e+001
9.706016e-001 1.815519e+001 -2.203656e+001
9.754993e-001 1.826691e+001 -2.163959e+001
9.194615e-001 1.835837e+001 -2.124135e+001
7.721992e-001 1.838682e+001 -2.085718e+001
4.985521e-001 1.827352e+001 -2.057018e+001
