[individuals]
1
[dimensions]
3
[landmarks]
40
[rawpoints]
'#1
4.569782e+003 2.984418e+003 9.504869e+003
4.955414e+003 2.415375e+003 1.584537e+003
3.609616e+003 4.432235e+003 9.162741e+003
4.531762e+003 1.428990e+003 8.898958e+003
4.522966e+003 1.342234e+003 8.718124e+003
4.154842e+003 4.309685e+003 7.463013e+003
4.750642e+003 3.615870e+003 7.265388e+003
4.254142e+003 4.101003e+003 9.069422e+003
4.408971e+003 2.682028e+003 8.763630e+003
4.760204e+003 3.919587e+003 8.926044e+003
4.201217e+003 2.983093e+003 9.472158e+003
4.773297e+003 2.305976e+003 4.516340e+003
4.716514e+003 2.323724e+003 4.619509e+003
4.686226e+003 2.333845e+003 4.734236e+003
4.667401e+003 2.335796e+003 4.851817e+003
4.642365e+003 2.522009e+003 5.109076e+003
4.632521e+003 2.656370e+003 5.397750e+003
4.596875e+003 2.773633e+003 5.691804e+003
4.585513e+003 3.067780e+003 5.971192e+003
4.417111e+003 3.023088e+003 6.181937e+003
4.230609e+003 3.085436e+003 6.682941e+003
4.595625e+003 3.088642e+003 2.704395e+003
4.501997e+003 3.252776e+003 3.257845e+003
4.403401e+003 3.536189e+003 3.759802e+003
4.347695e+003 3.733260e+003 4.307585e+003
4.312073e+003 3.947543e+003 4.952437e+003
4.312841e+003 4.192478e+003 5.587309e+003
4.311845e+003 4.408322e+003 6.232626e+003
4.301948e+003 4.492126e+003 6.876913e+003
4.277064e+003 4.585462e+003 7.519462e+003
4.301023e+003 4.692808e+003 8.159866e+003
4.361196e+003 4.639273e+003 8.553477e+003
4.419793e+003 4.407286e+003 8.876237e+003
4.487041e+003 4.059253e+003 9.065346e+003
4.841375e+003 2.748578e+003 2.980072e+003
4.738296e+003 2.835663e+003 3.249886e+003
4.679013e+003 2.873036e+003 3.543298e+003
4.652782e+003 2.867907e+003 3.843775e+003
4.625693e+003 2.829027e+003 4.141704e+003
4.769193e+003 2.685305e+003 4.364756e+003
