[individuals]
1
[dimensions]
3
[landmarks]
40
[rawpoints]
'#1
3.235765e+000 2.126960e+001 -3.107568e+001
2.428708e-001 1.915437e+001 -2.005991e+001
1.825787e+000 1.922060e+001 -3.168234e+001
2.531408e+000 2.276238e+001 -2.974593e+001
2.453536e+000 2.293580e+001 -2.936647e+001
1.935655e+000 1.823039e+001 -2.880189e+001
2.800066e+000 1.905180e+001 -2.821411e+001
2.571713e+000 1.949132e+001 -3.111425e+001
2.728865e+000 2.110403e+001 -3.030289e+001
3.611616e+000 1.933188e+001 -3.021852e+001
2.529665e+000 2.122758e+001 -3.125902e+001
1.228954e+000 1.979824e+001 -2.387334e+001
1.213879e+000 1.984970e+001 -2.403283e+001
1.233001e+000 1.986739e+001 -2.419907e+001
1.252724e+000 1.991940e+001 -2.435787e+001
1.330518e+000 1.984784e+001 -2.482064e+001
1.423980e+000 1.981138e+001 -2.528460e+001
1.496278e+000 1.974663e+001 -2.574924e+001
1.529134e+000 1.957655e+001 -2.630430e+001
1.597764e+000 1.941703e+001 -2.685922e+001
1.582372e+000 1.947839e+001 -2.743721e+001
2.655077e-001 1.840000e+001 -2.164290e+001
3.770122e-001 1.813697e+001 -2.239633e+001
5.211577e-001 1.797605e+001 -2.317258e+001
6.662827e-001 1.784653e+001 -2.395453e+001
8.672143e-001 1.762885e+001 -2.506583e+001
1.106230e+000 1.735753e+001 -2.615762e+001
1.414679e+000 1.725355e+001 -2.726069e+001
1.841904e+000 1.739420e+001 -2.830832e+001
2.313657e+000 1.774999e+001 -2.928339e+001
2.770278e+000 1.823741e+001 -3.020741e+001
2.921075e+000 1.857003e+001 -3.056786e+001
3.036818e+000 1.900881e+001 -3.080738e+001
3.135679e+000 1.950037e+001 -3.091639e+001
5.999185e-001 1.898678e+001 -2.184530e+001
6.738116e-001 1.899305e+001 -2.230399e+001
7.398219e-001 1.896589e+001 -2.276312e+001
7.998866e-001 1.895287e+001 -2.322366e+001
9.131185e-001 1.901820e+001 -2.366952e+001
1.103600e+000 1.927335e+001 -2.400790e+001
