[individuals]
1
[dimensions]
3
[landmarks]
40
[rawpoints]
'#1
-2.566408e+000 2.077473e+001 -8.793040e+001
-3.450323e-001 1.744155e+001 -9.825000e+001
-1.281286e+000 1.887891e+001 -8.694611e+001
-1.628948e+000 2.214360e+001 -8.917429e+001
-1.619082e+000 2.216560e+001 -8.974211e+001
-1.500108e+000 1.754529e+001 -8.976572e+001
-2.348224e+000 1.848058e+001 -9.035154e+001
-2.052090e+000 1.920292e+001 -8.750350e+001
-1.989570e+000 2.058847e+001 -8.874844e+001
-3.045648e+000 1.917404e+001 -8.833180e+001
-1.639283e+000 2.065014e+001 -8.798427e+001
-1.033682e+000 1.868515e+001 -9.465881e+001
-1.006813e+000 1.864840e+001 -9.446982e+001
-1.026480e+000 1.868142e+001 -9.427927e+001
-1.040024e+000 1.876390e+001 -9.410376e+001
-1.138888e+000 1.871932e+001 -9.369572e+001
-1.265823e+000 1.871129e+001 -9.329314e+001
-1.339720e+000 1.864632e+001 -9.288257e+001
-1.356356e+000 1.852599e+001 -9.234477e+001
-1.369603e+000 1.852100e+001 -9.179359e+001
-1.355498e+000 1.864129e+001 -9.125572e+001
-3.695226e-001 1.692990e+001 -9.650916e+001
-2.411794e-001 1.692281e+001 -9.588471e+001
-2.388776e-001 1.668783e+001 -9.529207e+001
-3.506792e-001 1.667049e+001 -9.466465e+001
-6.346121e-001 1.668010e+001 -9.353960e+001
-9.869062e-001 1.654898e+001 -9.244182e+001
-1.370152e+000 1.657366e+001 -9.134685e+001
-1.749393e+000 1.679770e+001 -9.027280e+001
-2.101593e+000 1.721678e+001 -8.924905e+001
-2.445095e+000 1.777553e+001 -8.829125e+001
-2.548967e+000 1.815103e+001 -8.796954e+001
-2.581963e+000 1.863160e+001 -8.781707e+001
-2.613624e+000 1.913575e+001 -8.780628e+001
-6.290428e-001 1.750120e+001 -9.644796e+001
-7.030869e-001 1.758188e+001 -9.607879e+001
-7.709085e-001 1.755997e+001 -9.570037e+001
-8.212687e-001 1.752155e+001 -9.532054e+001
-9.059731e-001 1.767916e+001 -9.497960e+001
-9.726723e-001 1.800103e+001 -9.477901e+001
