[individuals]
1
[dimensions]
3
[landmarks]
40
[rawpoints]
'#1
1.028086e+003 2.721164e+003 8.678482e+003
1.101910e+003 1.935688e+003 2.125925e+003
2.377200e+003 1.718753e+003 8.457450e+003
1.360941e+003 4.016824e+003 8.441369e+003
1.328831e+003 4.072680e+003 8.379027e+003
1.794134e+003 1.094672e+003 6.765880e+003
1.095492e+003 1.508765e+003 6.553668e+003
1.591861e+003 1.814933e+003 8.228791e+003
1.270790e+003 2.735459e+003 7.972912e+003
9.031198e+002 1.620279e+003 8.142584e+003
1.525702e+003 2.722901e+003 8.548789e+003
1.057813e+003 1.921491e+003 3.838348e+003
1.233760e+003 1.669304e+003 3.877102e+003
1.347242e+003 1.760861e+003 4.148721e+003
1.224237e+003 2.009237e+003 4.287207e+003
1.243232e+003 1.976721e+003 4.574970e+003
1.250030e+003 1.915894e+003 4.858675e+003
1.297951e+003 1.871602e+003 5.141459e+003
1.424609e+003 1.873316e+003 5.528632e+003
1.565906e+003 1.862072e+003 5.910552e+003
1.747150e+003 2.002421e+003 6.247316e+003
1.636568e+003 1.085251e+003 3.185667e+003
1.762739e+003 9.627845e+002 3.455592e+003
1.840763e+003 8.705341e+002 3.754221e+003
1.888240e+003 7.930771e+002 4.063289e+003
1.921107e+003 6.749508e+002 4.505011e+003
1.920483e+003 5.597521e+002 4.948727e+003
1.895958e+003 5.002531e+002 5.402611e+003
1.817999e+003 6.045521e+002 6.150927e+003
1.716737e+003 8.072260e+002 6.875914e+003
1.569249e+003 9.986721e+002 7.596001e+003
1.481706e+003 1.153434e+003 7.871892e+003
1.358065e+003 1.375151e+003 8.079939e+003
1.180469e+003 1.606627e+003 8.230300e+003
1.311275e+003 1.553075e+003 3.213535e+003
1.310712e+003 1.522716e+003 3.342274e+003
1.326506e+003 1.482232e+003 3.467195e+003
1.323765e+003 1.462595e+003 3.597967e+003
1.307937e+003 1.468549e+003 3.729149e+003
1.258455e+003 1.543845e+003 3.825980e+003
