[individuals]
1
[dimensions]
3
[landmarks]
40
[rawpoints]
'#1
5.174088e+000 -6.252436e+000 -4.252596e+000
1.218918e-001 -6.756042e+000 -3.460490e+000
4.756891e+000 -7.479441e+000 -5.441618e+000
4.678443e+000 -5.067326e+000 -4.565917e+000
4.626704e+000 -5.073781e+000 -4.542934e+000
3.522753e+000 -7.511880e+000 -4.627647e+000
3.261380e+000 -7.277692e+000 -3.955678e+000
4.650819e+000 -7.273712e+000 -4.615242e+000
4.708080e+000 -6.166463e+000 -4.428046e+000
4.783420e+000 -7.165400e+000 -4.141734e+000
5.088990e+000 -6.245149e+000 -4.660987e+000
1.479564e+000 -6.672942e+000 -3.720997e+000
1.628455e+000 -6.622606e+000 -3.784522e+000
1.781158e+000 -6.604961e+000 -3.855994e+000
1.933209e+000 -6.584604e+000 -3.928140e+000
2.135373e+000 -6.736071e+000 -4.045052e+000
2.381891e+000 -6.799173e+000 -4.157857e+000
2.635138e+000 -6.843330e+000 -4.264628e+000
2.855275e+000 -6.842692e+000 -4.365974e+000
3.055809e+000 -6.856776e+000 -4.501328e+000
3.255957e+000 -6.839455e+000 -4.636859e+000
7.832217e-001 -7.321401e+000 -3.916045e+000
8.704187e-001 -7.418296e+000 -4.003747e+000
9.850224e-001 -7.501424e+000 -4.071876e+000
1.110779e+000 -7.572865e+000 -4.133252e+000
1.376514e+000 -7.724070e+000 -4.262662e+000
1.656936e+000 -7.860619e+000 -4.376427e+000
1.953823e+000 -7.967742e+000 -4.479414e+000
2.484986e+000 -8.027113e+000 -4.524550e+000
3.021003e+000 -8.008138e+000 -4.522068e+000
3.554254e+000 -7.952032e+000 -4.508543e+000
4.027677e+000 -7.812034e+000 -4.476518e+000
4.453393e+000 -7.563330e+000 -4.435638e+000
4.776342e+000 -7.194936e+000 -4.366743e+000
8.805487e-001 -6.962188e+000 -3.818010e+000
9.793037e-001 -7.009087e+000 -3.801263e+000
1.071549e+000 -7.069988e+000 -3.804773e+000
1.181071e+000 -7.073539e+000 -3.819732e+000
1.283952e+000 -7.035883e+000 -3.804596e+000
1.303192e+000 -6.954633e+000 -3.732079e+000
