[individuals]
1
[dimensions]
3
[landmarks]
40
[rawpoints]
'#1
9.049469e-001 -6.841594e+000 -5.985050e+000
6.589990e+000 -7.005038e+000 -5.863214e+000
1.469195e+000 -7.787269e+000 -4.958658e+000
1.513919e+000 -6.003464e+000 -5.780671e+000
1.559126e+000 -6.024693e+000 -5.801383e+000
2.598376e+000 -7.824587e+000 -5.338873e+000
3.055861e+000 -7.485953e+000 -5.836910e+000
1.616690e+000 -7.625435e+000 -5.525819e+000
1.594379e+000 -6.741634e+000 -5.780575e+000
1.688794e+000 -7.574613e+000 -5.942179e+000
9.954656e-001 -6.803886e+000 -5.570865e+000
4.735198e+000 -7.013055e+000 -5.911481e+000
4.652593e+000 -6.951207e+000 -5.856734e+000
4.550734e+000 -6.915952e+000 -5.811709e+000
4.446531e+000 -6.888787e+000 -5.766427e+000
4.215336e+000 -7.035762e+000 -5.729750e+000
3.954966e+000 -7.073487e+000 -5.645024e+000
3.692361e+000 -7.079735e+000 -5.559027e+000
3.416339e+000 -7.118481e+000 -5.477029e+000
3.140080e+000 -7.128171e+000 -5.387578e+000
2.863744e+000 -7.168007e+000 -5.307199e+000
5.869620e+000 -7.475818e+000 -5.525584e+000
5.582427e+000 -7.610099e+000 -5.404378e+000
5.292483e+000 -7.747453e+000 -5.293628e+000
4.972839e+000 -7.851289e+000 -5.246167e+000
4.559951e+000 -7.966887e+000 -5.240441e+000
4.146062e+000 -8.074595e+000 -5.271532e+000
3.723445e+000 -8.111397e+000 -5.334081e+000
3.340641e+000 -8.083453e+000 -5.406119e+000
2.960191e+000 -8.036752e+000 -5.480937e+000
2.580283e+000 -7.999554e+000 -5.563330e+000
2.228322e+000 -7.903815e+000 -5.637918e+000
1.887254e+000 -7.771592e+000 -5.707296e+000
1.590101e+000 -7.554871e+000 -5.765110e+000
5.635856e+000 -7.257075e+000 -5.673563e+000
5.459786e+000 -7.316283e+000 -5.642470e+000
5.283584e+000 -7.368615e+000 -5.601411e+000
5.096925e+000 -7.392963e+000 -5.595294e+000
4.912871e+000 -7.372939e+000 -5.629878e+000
4.820259e+000 -7.282728e+000 -5.766825e+000
