[individuals]
1
[dimensions]
3
[landmarks]
40
[rawpoints]
'#1
1.087807e+003 4.250010e+003 2.254488e+003
3.510066e+003 3.350194e+003 8.046655e+003
2.501282e+003 4.645337e+003 2.227618e+003
9.932214e+002 3.256483e+003 2.535393e+003
1.002125e+003 3.211522e+003 2.599041e+003
2.638479e+003 4.674201e+003 3.582405e+003
2.189027e+003 4.719873e+003 4.081354e+003
2.051290e+003 4.649172e+003 2.657300e+003
1.439276e+003 3.957750e+003 2.769994e+003
1.682197e+003 4.847914e+003 2.963573e+003
1.480118e+003 4.016983e+003 2.152025e+003
2.709348e+003 3.656489e+003 6.139741e+003
2.682170e+003 3.638368e+003 5.981110e+003
2.652386e+003 3.637240e+003 5.821925e+003
2.621419e+003 3.635622e+003 5.662964e+003
2.633197e+003 3.813337e+003 5.406732e+003
2.585917e+003 3.878889e+003 5.105325e+003
2.530242e+003 3.925768e+003 4.801885e+003
2.500849e+003 3.944130e+003 4.518917e+003
2.493593e+003 3.965080e+003 4.234692e+003
2.490606e+003 3.959804e+003 3.949677e+003
3.749853e+003 4.080516e+003 6.778934e+003
3.739182e+003 4.201142e+003 6.520296e+003
3.700857e+003 4.290596e+003 6.251804e+003
3.655904e+003 4.388925e+003 5.987476e+003
3.601816e+003 4.496083e+003 5.699482e+003
3.533841e+003 4.595681e+003 5.411735e+003
3.428326e+003 4.675861e+003 5.129279e+003
3.129925e+003 4.799058e+003 4.563826e+003
2.796233e+003 4.892851e+003 4.012626e+003
2.440855e+003 4.939720e+003 3.469054e+003
2.265331e+003 4.934100e+003 3.216132e+003
2.068473e+003 4.878888e+003 2.985896e+003
1.863510e+003 4.787110e+003 2.775239e+003
3.370091e+003 3.728545e+003 6.765755e+003
3.330266e+003 3.807760e+003 6.628360e+003
3.295089e+003 3.879739e+003 6.485811e+003
3.241411e+003 3.930504e+003 6.339941e+003
3.146214e+003 3.958739e+003 6.210024e+003
3.005060e+003 3.962264e+003 6.127563e+003
