[individuals]
1
[dimensions]
3
[landmarks]
40
[rawpoints]
'#1
3.044390e+000 2.132591e+001 -2.703562e+001
2.381193e-001 1.951128e+001 -1.797175e+001
1.916031e+000 1.947952e+001 -2.751677e+001
2.267479e+000 2.310012e+001 -2.603645e+001
2.217897e+000 2.318790e+001 -2.593492e+001
1.964589e+000 1.826838e+001 -2.480686e+001
2.763322e+000 1.910766e+001 -2.426108e+001
2.515080e+000 1.969178e+001 -2.717597e+001
2.663863e+000 2.112843e+001 -2.618287e+001
3.686692e+000 1.954124e+001 -2.642330e+001
2.576850e+000 2.121029e+001 -2.701824e+001
1.276320e+000 1.998870e+001 -2.064500e+001
1.325552e+000 1.990976e+001 -2.079280e+001
1.341524e+000 1.990054e+001 -2.096646e+001
1.356142e+000 1.989918e+001 -2.114048e+001
1.370360e+000 1.980438e+001 -2.155420e+001
1.381604e+000 1.970497e+001 -2.196690e+001
1.430496e+000 1.972783e+001 -2.238814e+001
1.452791e+000 1.960994e+001 -2.279896e+001
1.490847e+000 1.949176e+001 -2.320854e+001
1.487029e+000 1.959244e+001 -2.362449e+001
2.270380e-001 1.873870e+001 -1.920259e+001
2.148437e-001 1.835921e+001 -1.970699e+001
3.380071e-001 1.807777e+001 -2.025855e+001
5.407814e-001 1.794695e+001 -2.084195e+001
9.376653e-001 1.779186e+001 -2.175916e+001
1.401944e+000 1.768294e+001 -2.265100e+001
1.840489e+000 1.765564e+001 -2.356193e+001
2.170498e+000 1.779902e+001 -2.449585e+001
2.472139e+000 1.800279e+001 -2.542815e+001
2.762049e+000 1.838737e+001 -2.630547e+001
2.876349e+000 1.873066e+001 -2.664119e+001
2.992797e+000 1.914004e+001 -2.689108e+001
3.092900e+000 1.961057e+001 -2.700153e+001
6.661963e-001 1.924169e+001 -1.948366e+001
7.127059e-001 1.921367e+001 -1.975766e+001
7.680241e-001 1.918883e+001 -2.003031e+001
8.764434e-001 1.922183e+001 -2.028561e+001
1.007276e+000 1.936548e+001 -2.048627e+001
1.142586e+000 1.960505e+001 -2.053440e+001
