[individuals]
1
[dimensions]
3
[landmarks]
40
[rawpoints]
'#1
2.537886e+000 2.113093e+001 -5.029699e+001
-7.025700e-003 1.997452e+001 -4.109613e+001
1.467815e+000 1.945440e+001 -5.067371e+001
1.894369e+000 2.310795e+001 -4.950959e+001
1.833351e+000 2.322751e+001 -4.939362e+001
1.250233e+000 1.837213e+001 -4.785847e+001
2.113842e+000 1.914198e+001 -4.737424e+001
1.965427e+000 1.973503e+001 -5.037564e+001
2.140499e+000 2.098711e+001 -4.945781e+001
3.083291e+000 1.957236e+001 -4.972801e+001
1.813388e+000 2.107721e+001 -5.027173e+001
9.421685e-001 2.023269e+001 -4.385471e+001
9.344263e-001 2.011750e+001 -4.404972e+001
9.192306e-001 2.010042e+001 -4.427518e+001
9.131151e-001 2.018561e+001 -4.448508e+001
9.531046e-001 2.002090e+001 -4.484293e+001
1.001920e+000 1.987982e+001 -4.520973e+001
1.053773e+000 1.989454e+001 -4.560197e+001
1.056022e+000 1.976058e+001 -4.601825e+001
1.050294e+000 1.967296e+001 -4.644667e+001
1.017854e+000 1.976812e+001 -4.687228e+001
-3.549880e-002 1.912654e+001 -4.235900e+001
-1.502677e-001 1.886059e+001 -4.289462e+001
-1.184088e-001 1.864527e+001 -4.346330e+001
-6.175800e-002 1.833362e+001 -4.398336e+001
2.945819e-001 1.811370e+001 -4.486366e+001
7.138771e-001 1.783372e+001 -4.569797e+001
1.136175e+000 1.772120e+001 -4.656934e+001
1.547984e+000 1.784493e+001 -4.763755e+001
1.945781e+000 1.806433e+001 -4.869568e+001
2.265030e+000 1.860104e+001 -4.966315e+001
2.360404e+000 1.891874e+001 -4.994111e+001
2.445764e+000 1.929820e+001 -5.013087e+001
2.515733e+000 1.971884e+001 -5.020468e+001
2.695770e-001 1.967274e+001 -4.238444e+001
3.637643e-001 1.965442e+001 -4.270162e+001
3.850217e-001 1.956351e+001 -4.301958e+001
4.229701e-001 1.954892e+001 -4.334846e+001
5.669047e-001 1.960470e+001 -4.364170e+001
8.151990e-001 1.978898e+001 -4.376087e+001
