[individuals]
1
[dimensions]
3
[landmarks]
40
[rawpoints]
'#1
5.917453e+000 -4.667471e+000 -1.539949e+000
-2.640631e+000 -7.057878e+000 -1.610434e+000
6.195982e+000 -6.146145e+000 -2.568739e+000
4.477908e+000 -3.188508e+000 -1.924803e+000
4.382003e+000 -3.203889e+000 -1.955557e+000
3.455446e+000 -7.332080e+000 -1.897622e+000
3.489770e+000 -6.563647e+000 -1.161141e+000
5.885440e+000 -6.056352e+000 -1.928152e+000
5.203524e+000 -4.835507e+000 -1.755713e+000
5.454371e+000 -6.037368e+000 -7.157688e-001
5.712927e+000 -4.908563e+000 -2.243139e+000
-4.066563e-001 -6.226779e+000 -1.294528e+000
-2.241634e-001 -6.195988e+000 -1.323431e+000
-4.685456e-002 -6.154997e+000 -1.367816e+000
1.320353e-001 -6.115968e+000 -1.407389e+000
4.826885e-001 -6.125045e+000 -1.462172e+000
8.225515e-001 -6.213778e+000 -1.513914e+000
1.161994e+000 -6.137372e+000 -1.584543e+000
1.549451e+000 -6.102814e+000 -1.719974e+000
1.922196e+000 -6.250114e+000 -1.814173e+000
2.274931e+000 -6.162027e+000 -2.007487e+000
-1.614840e+000 -7.606818e+000 -1.838370e+000
-1.188911e+000 -7.792504e+000 -2.045325e+000
-6.946157e-001 -7.890771e+000 -2.114171e+000
-1.885269e-001 -7.940299e+000 -2.101637e+000
7.818595e-001 -7.963840e+000 -1.966919e+000
1.742896e+000 -7.970477e+000 -1.775513e+000
2.708071e+000 -7.943674e+000 -1.607904e+000
3.238339e+000 -7.802083e+000 -1.591219e+000
3.766271e+000 -7.651214e+000 -1.585682e+000
4.299125e+000 -7.521560e+000 -1.558024e+000
5.067422e+000 -7.270576e+000 -1.461392e+000
5.650921e+000 -6.712674e+000 -1.356572e+000
5.799796e+000 -5.912454e+000 -1.347039e+000
-1.433105e+000 -7.177763e+000 -1.555402e+000
-1.164953e+000 -7.162487e+000 -1.575812e+000
-8.984572e-001 -7.183244e+000 -1.609033e+000
-6.345366e-001 -7.134860e+000 -1.632709e+000
-4.262404e-001 -6.988795e+000 -1.544196e+000
-3.739168e-001 -6.747133e+000 -1.437369e+000
