[individuals]
1
[dimensions]
3
[landmarks]
40
[rawpoints]
'#1
-1.547090e+000 -4.851064e+000 6.957302e-001
-3.569636e+000 -6.865489e+000 -8.603106e+000
-2.512403e-001 -6.544421e+000 4.655048e-001
-1.386732e+000 -3.046605e+000 -8.774807e-001
-1.415960e+000 -3.036046e+000 -1.123714e+000
-1.524868e+000 -7.677629e+000 -1.839662e+000
-2.554123e+000 -6.960364e+000 -1.895887e+000
-1.026341e+000 -6.306067e+000 4.504910e-001
-1.546046e+000 -4.943506e+000 -3.170919e-001
-2.241424e+000 -6.409948e+000 5.150856e-001
-9.085110e-001 -5.016554e+000 3.940220e-001
-3.017644e+000 -6.268750e+000 -5.897074e+000
-2.975042e+000 -6.310841e+000 -5.721770e+000
-2.915999e+000 -6.291244e+000 -5.547288e+000
-2.826894e+000 -6.286906e+000 -5.384929e+000
-2.683291e+000 -6.378429e+000 -4.976548e+000
-2.520888e+000 -6.451932e+000 -4.571593e+000
-2.339276e+000 -6.473672e+000 -4.168703e+000
-2.131170e+000 -6.536687e+000 -3.798508e+000
-1.906221e+000 -6.589428e+000 -3.436689e+000
-1.656598e+000 -6.485921e+000 -3.103076e+000
-2.842813e+000 -7.752593e+000 -7.603616e+000
-2.552532e+000 -8.023687e+000 -7.217037e+000
-2.362740e+000 -8.221906e+000 -6.735487e+000
-2.258195e+000 -8.350683e+000 -6.206632e+000
-2.140370e+000 -8.495739e+000 -5.071376e+000
-2.108611e+000 -8.631411e+000 -3.929275e+000
-2.053503e+000 -8.594215e+000 -2.780645e+000
-1.998393e+000 -8.467316e+000 -2.248993e+000
-1.932279e+000 -8.306942e+000 -1.727740e+000
-1.877962e+000 -8.149359e+000 -1.204281e+000
-1.809838e+000 -7.817538e+000 -3.659729e-001
-1.707865e+000 -7.205790e+000 2.919812e-001
-1.601179e+000 -6.366203e+000 6.101233e-001
-3.075322e+000 -7.173946e+000 -7.380337e+000
-2.998174e+000 -7.214380e+000 -7.059920e+000
-2.897240e+000 -7.275580e+000 -6.749564e+000
-2.805875e+000 -7.285265e+000 -6.430495e+000
-2.825255e+000 -7.094435e+000 -6.159461e+000
-2.933102e+000 -6.810884e+000 -6.024472e+000
