[individuals]
1
[dimensions]
3
[landmarks]
40
[rawpoints]
'#1
2.802318e+000 2.095941e+001 -2.631792e+001
-6.272345e-001 1.924963e+001 -1.801256e+001
1.583581e+000 1.949172e+001 -2.663274e+001
1.902948e+000 2.242839e+001 -2.485409e+001
1.893737e+000 2.239500e+001 -2.477086e+001
1.663653e+000 1.872627e+001 -2.443367e+001
2.158632e+000 1.933449e+001 -2.374579e+001
2.206418e+000 1.965880e+001 -2.636639e+001
2.273550e+000 2.087733e+001 -2.535064e+001
3.137573e+000 1.956097e+001 -2.567727e+001
2.137443e+000 2.088372e+001 -2.626329e+001
4.719223e-001 1.986260e+001 -2.039689e+001
4.747195e-001 1.981160e+001 -2.061162e+001
5.012395e-001 1.982855e+001 -2.083009e+001
5.639541e-001 1.986794e+001 -2.103802e+001
5.886135e-001 1.975173e+001 -2.140979e+001
6.757651e-001 1.967232e+001 -2.178186e+001
8.131092e-001 1.974581e+001 -2.213972e+001
8.852086e-001 1.964717e+001 -2.259509e+001
9.613942e-001 1.955843e+001 -2.305287e+001
9.991686e-001 1.970483e+001 -2.349878e+001
-5.083769e-001 1.839895e+001 -1.957041e+001
-4.327327e-001 1.836694e+001 -1.998878e+001
-3.430951e-001 1.820275e+001 -2.037193e+001
-1.468906e-001 1.811879e+001 -2.074104e+001
3.582046e-001 1.797217e+001 -2.155642e+001
9.054572e-001 1.789162e+001 -2.235357e+001
1.419642e+000 1.789199e+001 -2.317637e+001
1.849918e+000 1.808007e+001 -2.406860e+001
2.231559e+000 1.835337e+001 -2.496093e+001
2.581051e+000 1.877543e+001 -2.580727e+001
2.651820e+000 1.903123e+001 -2.599591e+001
2.696547e+000 1.932494e+001 -2.612921e+001
2.741858e+000 1.963221e+001 -2.622695e+001
-9.277990e-002 1.903538e+001 -1.955213e+001
-3.490913e-002 1.907062e+001 -1.974517e+001
2.638618e-002 1.907389e+001 -1.994033e+001
1.186799e-001 1.907389e+001 -2.012292e+001
2.470542e-001 1.915103e+001 -2.026228e+001
3.270192e-001 1.932377e+001 -2.033725e+001
