[individuals]
1
[dimensions]
3
[landmarks]
40
[rawpoints]
'#1
1.091771e+000 -5.447692e+000 -8.355272e+000
4.592504e+000 -7.720927e+000 -4.516370e+000
5.334660e-002 -6.469537e+000 -7.571762e+000
1.730097e+000 -4.829361e+000 -7.755311e+000
1.785620e+000 -4.849683e+000 -7.709865e+000
8.889325e-001 -7.162354e+000 -7.181268e+000
1.740110e+000 -7.053581e+000 -7.305743e+000
5.936133e-001 -6.510696e+000 -7.988281e+000
1.430511e+000 -5.566807e+000 -7.886022e+000
1.036035e+000 -6.621474e+000 -8.221231e+000
8.859736e-001 -5.380061e+000 -8.090181e+000
3.623597e+000 -7.057998e+000 -5.655984e+000
3.553536e+000 -7.023838e+000 -5.639738e+000
3.492268e+000 -6.977605e+000 -5.660900e+000
3.427719e+000 -6.947150e+000 -5.696198e+000
3.203751e+000 -6.878020e+000 -5.866523e+000
2.989189e+000 -6.820640e+000 -6.052586e+000
2.750582e+000 -6.779300e+000 -6.211667e+000
2.392300e+000 -6.750752e+000 -6.364766e+000
2.032849e+000 -6.721346e+000 -6.514864e+000
1.670888e+000 -6.646861e+000 -6.641570e+000
3.796862e+000 -7.859580e+000 -4.842629e+000
3.481101e+000 -7.803391e+000 -5.026227e+000
3.153187e+000 -7.800362e+000 -5.196600e+000
2.829228e+000 -7.887187e+000 -5.351778e+000
2.442039e+000 -7.899855e+000 -5.673725e+000
2.070385e+000 -7.944246e+000 -6.010809e+000
1.707812e+000 -7.972431e+000 -6.359336e+000
1.414399e+000 -7.900777e+000 -6.642393e+000
1.161366e+000 -7.725054e+000 -6.918871e+000
9.392937e-001 -7.554339e+000 -7.223643e+000
7.240441e-001 -7.300963e+000 -7.632525e+000
6.556657e-001 -6.912880e+000 -7.982450e+000
8.306600e-001 -6.451707e+000 -8.167951e+000
3.924117e+000 -7.568480e+000 -4.993687e+000
3.793523e+000 -7.546735e+000 -5.102658e+000
3.644973e+000 -7.520805e+000 -5.184285e+000
3.639610e+000 -7.422285e+000 -5.351702e+000
3.544775e+000 -7.373553e+000 -5.471041e+000
3.449939e+000 -7.324821e+000 -5.590379e+000
