[individuals]
1
[dimensions]
3
[landmarks]
40
[rawpoints]
'#1
1.589331e+000 -5.246199e+000 -1.667899e+000
1.489164e+000 -6.836755e+000 -8.342437e+000
3.151983e+000 -6.649119e+000 -1.551247e+000
1.699354e+000 -3.991322e+000 -2.543523e+000
1.705237e+000 -3.980354e+000 -2.691169e+000
2.692095e+000 -7.523621e+000 -3.380778e+000
1.682980e+000 -6.797194e+000 -3.374301e+000
2.338919e+000 -6.449740e+000 -1.630291e+000
1.821040e+000 -5.327976e+000 -2.346531e+000
1.524521e+000 -6.608587e+000 -1.582742e+000
2.125043e+000 -5.298423e+000 -1.664683e+000
1.387068e+000 -6.699458e+000 -6.743517e+000
1.417885e+000 -6.681156e+000 -6.619808e+000
1.467364e+000 -6.621114e+000 -6.517155e+000
1.500455e+000 -6.561299e+000 -6.407989e+000
1.599649e+000 -6.491641e+000 -6.115605e+000
1.667704e+000 -6.393039e+000 -5.822632e+000
1.781781e+000 -6.390088e+000 -5.527403e+000
1.925654e+000 -6.430987e+000 -5.075011e+000
2.025270e+000 -6.442147e+000 -4.609200e+000
2.144587e+000 -6.462667e+000 -4.148341e+000
1.912010e+000 -7.377087e+000 -7.517250e+000
2.071814e+000 -7.486318e+000 -7.336930e+000
2.170927e+000 -7.574169e+000 -7.107919e+000
2.260790e+000 -7.668689e+000 -6.877748e+000
2.410166e+000 -7.865747e+000 -6.024081e+000
2.548611e+000 -8.080989e+000 -5.172965e+000
2.636701e+000 -8.220713e+000 -4.299694e+000
2.600391e+000 -8.149603e+000 -3.833928e+000
2.548118e+000 -8.056068e+000 -3.373678e+000
2.481785e+000 -7.959491e+000 -2.915874e+000
2.342934e+000 -7.746553e+000 -2.211991e+000
2.126988e+000 -7.252584e+000 -1.692858e+000
1.830511e+000 -6.584001e+000 -1.534239e+000
1.702289e+000 -7.061331e+000 -7.327895e+000
1.710918e+000 -7.082536e+000 -7.151875e+000
1.741839e+000 -7.113235e+000 -6.979804e+000
1.772268e+000 -7.069807e+000 -6.810412e+000
1.724288e+000 -7.059535e+000 -6.639665e+000
1.600968e+000 -6.941052e+000 -6.685609e+000
