[individuals]
1
[dimensions]
3
[landmarks]
40
[rawpoints]
'#1
1.240134e+000 -6.275324e+000 -7.707111e+000
2.187722e+000 -6.631094e+000 -2.020932e+000
2.626298e+000 -6.959239e+000 -7.638494e+000
1.168715e-001 -6.842343e+000 -7.084601e+000
5.083809e-002 -6.889834e+000 -6.948215e+000
3.089942e+000 -6.400210e+000 -6.119952e+000
2.637960e+000 -6.028001e+000 -6.042085e+000
2.418046e+000 -6.472800e+000 -7.406933e+000
1.382481e+000 -6.425798e+000 -7.227113e+000
2.493846e+000 -5.795905e+000 -7.198306e+000
1.442096e+000 -6.646440e+000 -7.611812e+000
1.813952e+000 -6.542689e+000 -3.584101e+000
1.778575e+000 -6.551343e+000 -3.593363e+000
1.774109e+000 -6.536658e+000 -3.677389e+000
1.748327e+000 -6.562048e+000 -3.727115e+000
1.859552e+000 -6.516940e+000 -3.988694e+000
1.876887e+000 -6.530044e+000 -4.275673e+000
1.957796e+000 -6.533925e+000 -4.551837e+000
1.998900e+000 -6.580948e+000 -4.870496e+000
2.131219e+000 -6.631701e+000 -5.162666e+000
2.230280e+000 -6.709558e+000 -5.461963e+000
2.623664e+000 -6.544860e+000 -2.730475e+000
2.626709e+000 -6.712370e+000 -3.058001e+000
2.870540e+000 -6.660184e+000 -3.328479e+000
3.100395e+000 -6.640646e+000 -3.615056e+000
3.186551e+000 -6.559146e+000 -4.117583e+000
3.309527e+000 -6.429096e+000 -4.601909e+000
3.396582e+000 -6.273672e+000 -5.086526e+000
3.394592e+000 -6.220586e+000 -5.455053e+000
3.338957e+000 -6.175106e+000 -5.820391e+000
3.270814e+000 -6.125594e+000 -6.183073e+000
3.195857e+000 -6.079900e+000 -6.750368e+000
2.955057e+000 -6.037865e+000 -7.269759e+000
2.410948e+000 -6.100896e+000 -7.441463e+000
2.210257e+000 -6.645003e+000 -2.794902e+000
2.269370e+000 -6.594331e+000 -2.964474e+000
2.342471e+000 -6.584280e+000 -3.135844e+000
2.318326e+000 -6.581872e+000 -3.320849e+000
2.241865e+000 -6.571597e+000 -3.490738e+000
2.095055e+000 -6.469295e+000 -3.543595e+000
