[individuals]
1
[dimensions]
3
[landmarks]
40
[rawpoints]
'#1
-2.274866e+000 1.800492e+001 -7.260130e+001
1.084462e+000 1.738762e+001 -6.092513e+001
-2.749127e-001 1.690578e+001 -7.286713e+001
-4.133898e+000 1.707281e+001 -7.092345e+001
-4.036630e+000 1.713543e+001 -7.040236e+001
8.027984e-001 1.740641e+001 -6.989285e+001
7.969074e-002 1.815048e+001 -6.948038e+001
-3.955212e-001 1.748301e+001 -7.248169e+001
-2.006987e+000 1.749952e+001 -7.161835e+001
-5.369453e-001 1.853582e+001 -7.182162e+001
-2.070633e+000 1.732721e+001 -7.260709e+001
-3.058685e-001 1.727889e+001 -6.510159e+001
-2.970021e-001 1.737590e+001 -6.517511e+001
-4.247401e-001 1.738935e+001 -6.518683e+001
-4.629992e-001 1.741139e+001 -6.529339e+001
-5.235383e-001 1.737486e+001 -6.575169e+001
-5.488788e-001 1.731004e+001 -6.621017e+001
-5.193455e-001 1.723616e+001 -6.666702e+001
-3.073010e-001 1.713233e+001 -6.721854e+001
-2.098343e-001 1.711485e+001 -6.780986e+001
-2.888245e-001 1.701806e+001 -6.839647e+001
1.588382e+000 1.706851e+001 -6.282410e+001
1.698573e+000 1.695816e+001 -6.381790e+001
1.650008e+000 1.696484e+001 -6.482264e+001
1.585460e+000 1.701401e+001 -6.582533e+001
1.627770e+000 1.712835e+001 -6.670992e+001
1.729288e+000 1.729875e+001 -6.758057e+001
1.669373e+000 1.747056e+001 -6.845477e+001
1.425351e+000 1.766943e+001 -6.960861e+001
1.047145e+000 1.786403e+001 -7.072645e+001
5.232903e-001 1.803404e+001 -7.178815e+001
2.855213e-001 1.807735e+001 -7.207503e+001
-5.392607e-002 1.807253e+001 -7.223457e+001
-4.243219e-001 1.808743e+001 -7.229197e+001
8.932640e-001 1.738108e+001 -6.282960e+001
7.858580e-001 1.733912e+001 -6.336417e+001
8.104972e-001 1.736442e+001 -6.390990e+001
8.144652e-001 1.731075e+001 -6.445082e+001
4.707166e-001 1.727668e+001 -6.487814e+001
1.312763e-001 1.720284e+001 -6.530054e+001
