[individuals]
1
[dimensions]
3
[landmarks]
40
[rawpoints]
'#1
-2.039375e+000 -4.257638e+000 -3.035373e+000
6.802675e+000 -7.568318e+000 -1.186616e+000
-2.914443e+000 -5.997275e+000 -2.034394e+000
-1.307651e+000 -2.961586e+000 -2.490648e+000
-8.102266e-001 -2.983207e+000 -2.453407e+000
-4.973167e-001 -7.450937e+000 -1.879601e+000
-1.298226e-001 -6.320508e+000 -2.675394e+000
-2.343144e+000 -5.909839e+000 -2.499074e+000
-1.424475e+000 -4.546295e+000 -2.717688e+000
-1.859889e+000 -6.137659e+000 -3.340419e+000
-2.250476e+000 -4.382649e+000 -2.366033e+000
3.578437e+000 -6.595806e+000 -1.715727e+000
3.490690e+000 -6.520937e+000 -1.719417e+000
3.394414e+000 -6.466663e+000 -1.752652e+000
3.304350e+000 -6.414178e+000 -1.802180e+000
2.873987e+000 -6.359852e+000 -1.852675e+000
2.438718e+000 -6.343732e+000 -1.884093e+000
2.002046e+000 -6.338707e+000 -1.884687e+000
1.487026e+000 -6.395726e+000 -1.849094e+000
9.707519e-001 -6.385077e+000 -1.788902e+000
4.972334e-001 -6.190091e+000 -1.704731e+000
5.097565e+000 -8.039823e+000 -1.080587e+000
4.483281e+000 -8.158997e+000 -1.116694e+000
3.858371e+000 -8.141261e+000 -1.161718e+000
3.234272e+000 -8.135159e+000 -1.219316e+000
2.510916e+000 -8.112637e+000 -1.293268e+000
1.790931e+000 -8.146124e+000 -1.391686e+000
1.080111e+000 -8.230180e+000 -1.521576e+000
2.941012e-001 -8.165946e+000 -1.817651e+000
-4.452367e-001 -7.977057e+000 -2.174479e+000
-1.151442e+000 -7.659949e+000 -2.506632e+000
-1.719772e+000 -7.284507e+000 -2.763582e+000
-2.176252e+000 -6.747592e+000 -2.946166e+000
-2.290770e+000 -6.028810e+000 -2.932436e+000
5.274969e+000 -7.464437e+000 -1.452084e+000
4.894424e+000 -7.350511e+000 -1.482560e+000
4.499607e+000 -7.298778e+000 -1.495451e+000
4.109664e+000 -7.220685e+000 -1.519317e+000
3.738305e+000 -7.083184e+000 -1.562898e+000
3.402601e+000 -6.874168e+000 -1.611127e+000
