[individuals]
1
[dimensions]
3
[landmarks]
40
[rawpoints]
'#1
6.231134e+000 -4.070652e+000 -3.022531e+000
-3.104733e+000 -6.507244e+000 -3.287961e+000
6.819955e+000 -6.144418e+000 -3.550150e+000
5.242107e+000 -2.859453e+000 -3.838130e+000
4.828760e+000 -2.901342e+000 -3.749231e+000
4.416415e+000 -7.011983e+000 -3.138561e+000
4.102238e+000 -5.867060e+000 -2.660755e+000
6.362679e+000 -5.686996e+000 -3.056939e+000
5.298305e+000 -4.333697e+000 -3.377245e+000
6.109375e+000 -5.338622e+000 -2.390139e+000
6.376872e+000 -4.390220e+000 -3.515473e+000
4.539486e-001 -5.700193e+000 -3.280509e+000
6.002487e-001 -5.687256e+000 -3.264690e+000
7.428817e-001 -5.655900e+000 -3.286913e+000
8.898439e-001 -5.650422e+000 -3.300826e+000
1.225341e+000 -5.693500e+000 -3.319451e+000
1.562544e+000 -5.717435e+000 -3.341454e+000
1.897159e+000 -5.765820e+000 -3.362790e+000
2.466103e+000 -5.883876e+000 -3.413043e+000
3.043880e+000 -5.912616e+000 -3.485813e+000
3.623745e+000 -5.850906e+000 -3.469221e+000
-1.764770e+000 -7.122900e+000 -3.261197e+000
-9.853195e-001 -7.240393e+000 -3.401378e+000
-2.036112e-001 -7.401881e+000 -3.464087e+000
5.941994e-001 -7.449687e+000 -3.416697e+000
1.459267e+000 -7.472155e+000 -3.235465e+000
2.299436e+000 -7.555033e+000 -2.972975e+000
3.153702e+000 -7.534719e+000 -2.745925e+000
3.725669e+000 -7.468395e+000 -2.676295e+000
4.288714e+000 -7.332591e+000 -2.645773e+000
4.840096e+000 -7.156670e+000 -2.608039e+000
5.567084e+000 -6.830058e+000 -2.549393e+000
6.161149e+000 -6.296189e+000 -2.523599e+000
6.308869e+000 -5.519667e+000 -2.641004e+000
-1.797371e+000 -6.512753e+000 -3.090863e+000
-1.340528e+000 -6.483592e+000 -3.111448e+000
-8.835176e-001 -6.475408e+000 -3.143517e+000
-4.286987e-001 -6.469053e+000 -3.198886e+000
8.198570e-003 -6.337266e+000 -3.240345e+000
4.378673e-001 -6.178565e+000 -3.253165e+000
