[individuals]
1
[dimensions]
3
[landmarks]
40
[rawpoints]
'#1
1.537199e+000 2.051811e+001 -5.434720e+001
-3.291509e-001 1.787541e+001 -4.643235e+001
3.901145e-001 1.907114e+001 -5.470733e+001
7.578459e-001 2.191653e+001 -5.318227e+001
7.555750e-001 2.189965e+001 -5.288670e+001
4.123585e-001 1.819609e+001 -5.271293e+001
1.089690e+000 1.886566e+001 -5.215398e+001
9.490350e-001 1.918028e+001 -5.422221e+001
1.067981e+000 2.050136e+001 -5.347066e+001
1.709516e+000 1.903641e+001 -5.383270e+001
1.003271e+000 2.043247e+001 -5.426620e+001
2.002085e-001 1.916429e+001 -4.939254e+001
1.850359e-001 1.922160e+001 -4.940920e+001
1.858386e-001 1.926362e+001 -4.951792e+001
1.941975e-001 1.928286e+001 -4.963237e+001
2.482072e-001 1.928748e+001 -4.999445e+001
3.111742e-001 1.927506e+001 -5.035490e+001
3.399369e-001 1.924462e+001 -5.071860e+001
3.385904e-001 1.911118e+001 -5.114442e+001
3.599933e-001 1.904081e+001 -5.158454e+001
2.097092e-001 1.912857e+001 -5.199545e+001
-3.915015e-001 1.774961e+001 -4.789595e+001
-3.653198e-001 1.772281e+001 -4.854885e+001
-2.671832e-001 1.778650e+001 -4.919228e+001
-1.589817e-001 1.778551e+001 -4.983725e+001
-2.938535e-002 1.769516e+001 -5.039972e+001
1.272045e-001 1.758378e+001 -5.095144e+001
3.031212e-001 1.755277e+001 -5.150769e+001
5.733362e-001 1.767145e+001 -5.234159e+001
8.487138e-001 1.789240e+001 -5.315267e+001
1.142116e+000 1.823113e+001 -5.391533e+001
1.245978e+000 1.846827e+001 -5.411721e+001
1.313583e+000 1.878524e+001 -5.416955e+001
1.406355e+000 1.910004e+001 -5.416151e+001
-1.027844e-001 1.822500e+001 -4.791642e+001
-6.790039e-002 1.830757e+001 -4.825121e+001
-3.846848e-002 1.836420e+001 -4.859187e+001
-4.060442e-003 1.846014e+001 -4.892312e+001
3.136297e-002 1.859634e+001 -4.923982e+001
9.577708e-002 1.883442e+001 -4.948330e+001
