[individuals]
1
[dimensions]
3
[landmarks]
40
[rawpoints]
'#1
2.573646e+000 2.151188e+001 -4.192159e+001
2.174661e-001 1.816980e+001 -3.170787e+001
1.563229e+000 1.956914e+001 -4.248536e+001
1.604725e+000 2.331919e+001 -4.073448e+001
1.586898e+000 2.328894e+001 -4.026611e+001
1.648482e+000 1.830374e+001 -3.992418e+001
2.350353e+000 1.918134e+001 -3.921933e+001
2.120239e+000 1.985521e+001 -4.211385e+001
1.963734e+000 2.129684e+001 -4.104931e+001
3.086645e+000 1.989097e+001 -4.164783e+001
1.813424e+000 2.137598e+001 -4.189341e+001
8.476521e-001 1.930467e+001 -3.520331e+001
8.825570e-001 1.941060e+001 -3.537304e+001
9.263736e-001 1.948656e+001 -3.555624e+001
9.800007e-001 1.953550e+001 -3.574593e+001
1.013173e+000 1.954094e+001 -3.625751e+001
1.071968e+000 1.954177e+001 -3.676682e+001
1.113625e+000 1.952034e+001 -3.727735e+001
1.086647e+000 1.923372e+001 -3.785504e+001
1.201884e+000 1.924524e+001 -3.849001e+001
1.224437e+000 1.936354e+001 -3.912411e+001
1.842061e-001 1.764299e+001 -3.335177e+001
1.503498e-001 1.749222e+001 -3.412209e+001
2.361860e-001 1.737816e+001 -3.489468e+001
4.095381e-001 1.737730e+001 -3.566097e+001
7.145706e-001 1.733421e+001 -3.660165e+001
1.093218e+000 1.725217e+001 -3.751254e+001
1.463256e+000 1.729670e+001 -3.842953e+001
1.808077e+000 1.744796e+001 -3.940078e+001
2.137635e+000 1.769127e+001 -4.035853e+001
2.449712e+000 1.810894e+001 -4.126034e+001
2.621308e+000 1.851047e+001 -4.173431e+001
2.694788e+000 1.908991e+001 -4.200666e+001
2.686333e+000 1.973281e+001 -4.205056e+001
6.650894e-001 1.836993e+001 -3.360703e+001
6.973132e-001 1.844891e+001 -3.396406e+001
6.788875e-001 1.846438e+001 -3.433035e+001
6.586284e-001 1.849246e+001 -3.469579e+001
6.742070e-001 1.856947e+001 -3.505435e+001
8.031967e-001 1.872267e+001 -3.536198e+001
