[individuals]
1
[dimensions]
3
[landmarks]
40
[rawpoints]
'#1
1.484007e+000 -2.870915e+000 -7.609456e+000
5.125418e+000 -7.382646e+000 2.651039e+000
2.540741e-001 -4.954137e+000 -7.987762e+000
1.126680e+000 -9.890869e-001 -6.257281e+000
1.352906e+000 -1.062780e+000 -5.927657e+000
1.702001e+000 -6.583287e+000 -5.917287e+000
2.606117e+000 -5.580141e+000 -5.267876e+000
9.701431e-001 -4.628237e+000 -7.671483e+000
1.577323e+000 -3.347909e+000 -6.460067e+000
2.138273e+000 -4.832517e+000 -7.689046e+000
8.798752e-001 -3.080602e+000 -7.375487e+000
3.468359e+000 -5.726439e+000 -1.392878e+000
3.355844e+000 -5.749658e+000 -1.449988e+000
3.285540e+000 -5.754117e+000 -1.556680e+000
3.271500e+000 -5.632566e+000 -1.586918e+000
3.150189e+000 -5.563704e+000 -1.966011e+000
3.054818e+000 -5.534204e+000 -2.357427e+000
2.939488e+000 -5.585280e+000 -2.741174e+000
2.698166e+000 -5.634046e+000 -3.275770e+000
2.414326e+000 -5.645526e+000 -3.791198e+000
2.096552e+000 -5.575213e+000 -4.281596e+000
4.235623e+000 -7.682767e+000 1.065573e+000
3.653593e+000 -7.688213e+000 4.614395e-001
3.219716e+000 -7.456316e+000 -2.180472e-001
2.875114e+000 -7.729760e+000 -9.323913e-001
2.687155e+000 -7.580884e+000 -1.803167e+000
2.655754e+000 -7.708566e+000 -2.696769e+000
2.645388e+000 -7.763517e+000 -3.598255e+000
2.519457e+000 -7.643897e+000 -4.566400e+000
2.280682e+000 -7.300542e+000 -5.456657e+000
2.054472e+000 -6.827470e+000 -6.288821e+000
1.853363e+000 -6.314502e+000 -7.135522e+000
1.548473e+000 -5.603110e+000 -7.784719e+000
1.432423e+000 -4.601754e+000 -7.850015e+000
4.469730e+000 -7.036322e+000 1.059948e+000
4.221293e+000 -6.874871e+000 5.470475e-001
3.958145e+000 -6.745279e+000 3.244468e-002
3.687084e+000 -6.587785e+000 -4.701213e-001
3.440039e+000 -6.394410e+000 -9.725071e-001
3.307002e+000 -6.076209e+000 -1.454060e+000
