[individuals]
1
[dimensions]
3
[landmarks]
40
[rawpoints]
'#1
6.942245e-001 1.959428e+001 -7.298934e+001
4.497155e-001 1.743124e+001 -6.538033e+001
-1.756341e-001 1.803082e+001 -7.308070e+001
2.299447e-001 2.065766e+001 -7.188062e+001
1.549492e-001 2.084115e+001 -7.164709e+001
2.651222e-001 1.734511e+001 -7.116487e+001
7.710130e-001 1.782928e+001 -7.046725e+001
3.731734e-001 1.818649e+001 -7.275258e+001
4.318763e-001 1.955384e+001 -7.219611e+001
1.151315e+000 1.836399e+001 -7.244228e+001
1.792716e-001 1.946725e+001 -7.274062e+001
4.057669e-001 1.796373e+001 -6.767107e+001
3.900017e-001 1.801712e+001 -6.773636e+001
3.910593e-001 1.810120e+001 -6.775346e+001
4.092079e-001 1.818059e+001 -6.778051e+001
3.847301e-001 1.832230e+001 -6.814175e+001
3.458727e-001 1.840723e+001 -6.851919e+001
3.059638e-001 1.844185e+001 -6.890440e+001
2.473079e-001 1.828782e+001 -6.930579e+001
1.811406e-001 1.819030e+001 -6.972676e+001
1.704463e-001 1.823793e+001 -7.015553e+001
1.585713e-001 1.704172e+001 -6.677443e+001
8.052206e-002 1.695565e+001 -6.726681e+001
5.538342e-002 1.694868e+001 -6.777205e+001
7.117248e-002 1.694382e+001 -6.827769e+001
1.408743e-001 1.687914e+001 -6.891805e+001
2.557321e-001 1.675619e+001 -6.954319e+001
3.782678e-001 1.670411e+001 -7.017673e+001
4.432147e-001 1.680993e+001 -7.086964e+001
5.196642e-001 1.696493e+001 -7.155202e+001
6.160057e-001 1.724371e+001 -7.219118e+001
7.004627e-001 1.748461e+001 -7.250497e+001
7.904482e-001 1.783379e+001 -7.268832e+001
8.803307e-001 1.822766e+001 -7.270863e+001
3.905250e-001 1.753607e+001 -6.679865e+001
3.735531e-001 1.758991e+001 -6.702074e+001
3.401850e-001 1.760015e+001 -6.724722e+001
3.139186e-001 1.761282e+001 -6.747450e+001
3.038695e-001 1.765771e+001 -6.769899e+001
2.970724e-001 1.777936e+001 -6.789307e+001
