[individuals]
1
[dimensions]
3
[landmarks]
40
[rawpoints]
'#1
-8.320894e-001 -4.048945e+000 -6.254164e+000
8.002983e-001 -8.212626e+000 5.836925e+000
-2.214450e+000 -6.484859e+000 -6.670708e+000
-1.844342e+000 -2.149359e+000 -4.719480e+000
-1.559450e+000 -2.181147e+000 -4.002332e+000
-8.991173e-001 -7.764983e+000 -3.774242e+000
-4.388046e-002 -6.681677e+000 -3.570441e+000
-1.561910e+000 -6.182169e+000 -6.315938e+000
-1.240901e+000 -4.412472e+000 -5.122977e+000
-1.351387e-001 -5.909155e+000 -6.286028e+000
-1.811266e+000 -4.357377e+000 -6.093755e+000
-7.930837e-002 -6.779672e+000 1.457350e+000
-1.243211e-001 -6.657309e+000 1.365624e+000
-1.368181e-001 -6.509881e+000 1.306295e+000
-1.868904e-001 -6.384856e+000 1.221006e+000
-2.636306e-001 -6.327216e+000 7.507218e-001
-3.353302e-001 -6.240662e+000 2.841021e-001
-4.306540e-001 -6.258718e+000 -1.859644e-001
-5.781831e-001 -6.293658e+000 -7.999722e-001
-8.104753e-001 -6.482908e+000 -1.375447e+000
-9.493802e-001 -6.457675e+000 -1.976081e+000
1.766592e-001 -8.635443e+000 4.073549e+000
-1.975494e-001 -8.774054e+000 3.043642e+000
-4.684500e-001 -8.757129e+000 1.972988e+000
-5.532114e-001 -8.589665e+000 8.845013e-001
-5.507615e-001 -8.591389e+000 -5.281053e-002
-5.010365e-001 -8.721341e+000 -9.797429e-001
-4.430000e-001 -8.760448e+000 -1.914444e+000
-4.270937e-001 -8.539060e+000 -2.952909e+000
-4.444832e-001 -8.166245e+000 -3.947088e+000
-4.409195e-001 -7.834969e+000 -4.956003e+000
-4.557507e-001 -7.521835e+000 -5.711825e+000
-6.067401e-001 -6.930218e+000 -6.256612e+000
-8.698505e-001 -6.176330e+000 -6.435328e+000
4.935084e-001 -7.966624e+000 4.157653e+000
3.623422e-001 -7.834200e+000 3.548492e+000
2.191517e-001 -7.712494e+000 2.939803e+000
6.598236e-003 -7.638677e+000 2.343837e+000
-1.690735e-001 -7.404701e+000 1.777968e+000
-1.558678e-001 -7.046279e+000 1.251499e+000
