[individuals]
1
[dimensions]
3
[landmarks]
40
[rawpoints]
'#1
3.741546e+000 -6.024466e+000 -7.751638e+000
3.573231e+000 -6.784920e+000 -1.955199e+000
3.185766e+000 -7.456655e+000 -7.716166e+000
3.609341e+000 -5.197577e+000 -7.050411e+000
3.626577e+000 -5.238489e+000 -6.960866e+000
3.438865e+000 -7.672638e+000 -6.061470e+000
3.785868e+000 -7.131177e+000 -6.047814e+000
3.666444e+000 -7.035708e+000 -7.504244e+000
3.659114e+000 -5.991012e+000 -7.162230e+000
4.120456e+000 -7.083181e+000 -7.212035e+000
3.485900e+000 -6.136250e+000 -7.705428e+000
3.480879e+000 -6.506326e+000 -3.874441e+000
3.541629e+000 -6.498211e+000 -3.925534e+000
3.579382e+000 -6.464770e+000 -3.987371e+000
3.594843e+000 -6.434093e+000 -4.059392e+000
3.569705e+000 -6.386167e+000 -4.209637e+000
3.517228e+000 -6.395680e+000 -4.360160e+000
3.475647e+000 -6.444457e+000 -4.506427e+000
3.426510e+000 -6.508516e+000 -4.771800e+000
3.392393e+000 -6.631438e+000 -5.018116e+000
3.354781e+000 -6.721611e+000 -5.277719e+000
3.412965e+000 -7.267517e+000 -2.973808e+000
3.380297e+000 -7.355096e+000 -3.374612e+000
3.363570e+000 -7.452712e+000 -3.774073e+000
3.363431e+000 -7.596251e+000 -4.159787e+000
3.389597e+000 -7.724981e+000 -4.527382e+000
3.436581e+000 -7.848147e+000 -4.894798e+000
3.484322e+000 -7.937051e+000 -5.271882e+000
3.533404e+000 -7.986260e+000 -5.709373e+000
3.584170e+000 -7.966250e+000 -6.148971e+000
3.642931e+000 -7.884514e+000 -6.580354e+000
3.745337e+000 -7.773692e+000 -6.974405e+000
3.812453e+000 -7.491951e+000 -7.281291e+000
3.800304e+000 -7.095904e+000 -7.426347e+000
3.483563e+000 -6.936428e+000 -2.968673e+000
3.456519e+000 -6.994067e+000 -3.188699e+000
3.432655e+000 -7.006228e+000 -3.416169e+000
3.434786e+000 -6.980975e+000 -3.643814e+000
3.444294e+000 -6.880605e+000 -3.849474e+000
3.526134e+000 -6.702238e+000 -3.967576e+000
