[individuals]
1
[dimensions]
3
[landmarks]
40
[rawpoints]
'#1
-1.816238e+000 -4.348521e+000 -4.351610e+000
6.689933e+000 -6.940889e+000 -5.890375e+000
-2.315559e+000 -6.315509e+000 -3.885211e+000
-3.300765e-001 -3.365382e+000 -3.807114e+000
-2.235767e-001 -3.468755e+000 -3.901016e+000
-4.529428e-002 -7.033974e+000 -4.968017e+000
4.032270e-001 -6.201069e+000 -5.291337e+000
-2.231238e+000 -5.838555e+000 -4.477048e+000
-9.544057e-001 -4.580790e+000 -4.332189e+000
-1.753504e+000 -5.538056e+000 -5.362630e+000
-1.673571e+000 -4.731158e+000 -3.939783e+000
4.236153e+000 -6.125092e+000 -5.511950e+000
4.144078e+000 -6.001435e+000 -5.465165e+000
4.012943e+000 -5.944074e+000 -5.412615e+000
3.852433e+000 -5.910555e+000 -5.368536e+000
3.500246e+000 -5.871516e+000 -5.282317e+000
3.144119e+000 -5.851600e+000 -5.206300e+000
2.789303e+000 -5.897730e+000 -5.135780e+000
2.323285e+000 -6.021400e+000 -5.022059e+000
1.863852e+000 -6.146285e+000 -4.867999e+000
1.389189e+000 -6.042733e+000 -4.793121e+000
5.797116e+000 -7.312660e+000 -5.662799e+000
5.243597e+000 -7.515270e+000 -5.493533e+000
4.642451e+000 -7.609828e+000 -5.417523e+000
4.030768e+000 -7.614406e+000 -5.373900e+000
3.206717e+000 -7.602206e+000 -5.385300e+000
2.387897e+000 -7.608842e+000 -5.479385e+000
1.567662e+000 -7.552111e+000 -5.537229e+000
9.621289e-001 -7.471699e+000 -5.515464e+000
3.705991e-001 -7.331581e+000 -5.451686e+000
-2.137044e-001 -7.155969e+000 -5.414862e+000
-1.044239e+000 -6.799327e+000 -5.380704e+000
-1.776912e+000 -6.279549e+000 -5.274987e+000
-2.061224e+000 -5.518667e+000 -4.877082e+000
5.676398e+000 -6.895790e+000 -5.785783e+000
5.343986e+000 -6.835574e+000 -5.720412e+000
5.007325e+000 -6.872035e+000 -5.659373e+000
4.669676e+000 -6.905104e+000 -5.602080e+000
4.335773e+000 -6.849508e+000 -5.540359e+000
4.083272e+000 -6.627182e+000 -5.468225e+000
