[individuals]
1
[dimensions]
3
[landmarks]
40
[rawpoints]
'#1
3.717451e+000 1.946509e+001 -9.150224e+001
1.743995e-001 1.764268e+001 -8.322643e+001
2.810747e+000 1.787688e+001 -9.216419e+001
2.965900e+000 2.109040e+001 -9.088577e+001
2.813046e+000 2.110202e+001 -9.059544e+001
2.367231e+000 1.728348e+001 -8.959688e+001
2.968196e+000 1.802751e+001 -8.925426e+001
3.248296e+000 1.820202e+001 -9.163667e+001
3.195342e+000 1.956155e+001 -9.082384e+001
3.968433e+000 1.813826e+001 -9.081964e+001
3.134809e+000 1.941659e+001 -9.156618e+001
1.281952e+000 1.841798e+001 -8.571994e+001
1.249883e+000 1.854622e+001 -8.579628e+001
1.255980e+000 1.863626e+001 -8.594773e+001
1.282421e+000 1.868818e+001 -8.611349e+001
1.323483e+000 1.863964e+001 -8.649223e+001
1.464739e+000 1.874954e+001 -8.683200e+001
1.579062e+000 1.873669e+001 -8.719839e+001
1.702786e+000 1.867584e+001 -8.762111e+001
1.795579e+000 1.852257e+001 -8.802804e+001
1.922859e+000 1.841577e+001 -8.844047e+001
4.226021e-001 1.701697e+001 -8.479877e+001
6.072885e-001 1.689730e+001 -8.550663e+001
8.550086e-001 1.687461e+001 -8.620492e+001
1.151185e+000 1.686974e+001 -8.688444e+001
1.511138e+000 1.684879e+001 -8.748192e+001
1.924657e+000 1.682038e+001 -8.804333e+001
2.295977e+000 1.685699e+001 -8.863304e+001
2.596596e+000 1.697614e+001 -8.937874e+001
2.862881e+000 1.712603e+001 -9.013190e+001
3.198665e+000 1.734870e+001 -9.083781e+001
3.382544e+000 1.755550e+001 -9.111442e+001
3.525085e+000 1.788399e+001 -9.127212e+001
3.687892e+000 1.823898e+001 -9.129600e+001
6.396192e-001 1.760404e+001 -8.466597e+001
7.060381e-001 1.761963e+001 -8.498067e+001
7.897376e-001 1.765336e+001 -8.528980e+001
8.730189e-001 1.770798e+001 -8.559602e+001
9.940960e-001 1.781804e+001 -8.587337e+001
1.135155e+000 1.802954e+001 -8.607100e+001
