[individuals]
1
[dimensions]
3
[landmarks]
40
[rawpoints]
'#1
3.383605e+000 -6.139729e+000 -7.121133e+000
3.525641e+000 -7.452071e+000 -1.486783e+000
2.561499e+000 -7.306178e+000 -7.041880e+000
3.450712e+000 -5.148448e+000 -6.185941e+000
3.452418e+000 -5.126395e+000 -6.007477e+000
2.961488e+000 -7.574517e+000 -5.835519e+000
3.495817e+000 -7.240558e+000 -5.651868e+000
3.096250e+000 -7.144537e+000 -7.025908e+000
3.293088e+000 -6.111042e+000 -6.526591e+000
3.639842e+000 -7.012466e+000 -6.902573e+000
3.113326e+000 -6.183598e+000 -6.988050e+000
3.571308e+000 -6.985643e+000 -3.048364e+000
3.532476e+000 -6.944369e+000 -3.136035e+000
3.508487e+000 -6.909644e+000 -3.231520e+000
3.491290e+000 -6.884245e+000 -3.331308e+000
3.448541e+000 -6.858575e+000 -3.562771e+000
3.414671e+000 -6.835063e+000 -3.795921e+000
3.357955e+000 -6.852189e+000 -4.025164e+000
3.282429e+000 -6.843852e+000 -4.316113e+000
3.193519e+000 -6.872360e+000 -4.601947e+000
3.100164e+000 -6.885804e+000 -4.887487e+000
3.242791e+000 -7.735831e+000 -2.363755e+000
3.152501e+000 -7.711001e+000 -2.627833e+000
3.068858e+000 -7.734241e+000 -2.894232e+000
3.019650e+000 -7.883634e+000 -3.126109e+000
3.030123e+000 -7.840833e+000 -3.599878e+000
3.073387e+000 -7.880331e+000 -4.072074e+000
3.122518e+000 -7.923347e+000 -4.543387e+000
3.151682e+000 -7.936198e+000 -5.020186e+000
3.161409e+000 -7.880503e+000 -5.494691e+000
3.205535e+000 -7.792166e+000 -5.962240e+000
3.292300e+000 -7.643051e+000 -6.397145e+000
3.378595e+000 -7.425321e+000 -6.802153e+000
3.405425e+000 -7.009187e+000 -7.014295e+000
3.386597e+000 -7.425681e+000 -2.409484e+000
3.388528e+000 -7.426680e+000 -2.577801e+000
3.359053e+000 -7.446560e+000 -2.742322e+000
3.342168e+000 -7.400130e+000 -2.903233e+000
3.362245e+000 -7.306046e+000 -3.041360e+000
3.488456e+000 -7.201125e+000 -3.078678e+000
