[individuals]
1
[dimensions]
3
[landmarks]
40
[rawpoints]
'#1
1.191980e+000 2.007527e+001 -4.259895e+001
-2.183945e+000 2.036201e+001 -5.069441e+001
-3.832241e-001 1.904181e+001 -4.224919e+001
2.394022e+000 1.961137e+001 -4.368913e+001
2.534740e+000 1.958429e+001 -4.392661e+001
-1.374303e+000 1.980783e+001 -4.412434e+001
-6.113014e-001 2.046279e+001 -4.456217e+001
-1.172462e-001 1.972788e+001 -4.246865e+001
1.025015e+000 1.958402e+001 -4.273894e+001
-1.995292e-001 2.060394e+001 -4.280637e+001
1.040600e+000 1.988184e+001 -4.349604e+001
-7.419261e-001 2.014242e+001 -4.807164e+001
-6.980463e-001 2.011994e+001 -4.791910e+001
-6.623194e-001 2.009375e+001 -4.776505e+001
-5.551925e-001 2.004851e+001 -4.765472e+001
-5.425985e-001 2.002551e+001 -4.725735e+001
-5.312592e-001 2.003207e+001 -4.685937e+001
-5.268334e-001 1.999018e+001 -4.646338e+001
-5.422340e-001 1.986711e+001 -4.599659e+001
-5.943344e-001 1.971869e+001 -4.553990e+001
-4.169892e-001 1.954185e+001 -4.512692e+001
-2.426724e+000 1.998645e+001 -4.922707e+001
-2.460638e+000 1.988797e+001 -4.852013e+001
-2.379399e+000 1.987075e+001 -4.781039e+001
-2.260686e+000 1.988445e+001 -4.710587e+001
-2.165534e+000 1.993534e+001 -4.652504e+001
-2.096853e+000 2.000618e+001 -4.594255e+001
-2.009871e+000 2.005583e+001 -4.536032e+001
-1.776868e+000 2.007817e+001 -4.453315e+001
-1.462868e+000 2.006943e+001 -4.373297e+001
-1.098034e+000 2.009386e+001 -4.295493e+001
-8.533484e-001 2.012761e+001 -4.264265e+001
-4.939905e-001 2.013830e+001 -4.247157e+001
-9.675150e-002 2.016154e+001 -4.248505e+001
-1.920501e+000 2.027266e+001 -4.916766e+001
-1.811974e+000 2.020457e+001 -4.889748e+001
-1.740686e+000 2.010807e+001 -4.862360e+001
-1.676968e+000 2.006263e+001 -4.833504e+001
-1.541655e+000 2.006556e+001 -4.806842e+001
-1.312206e+000 2.010157e+001 -4.788010e+001
