[individuals]
1
[dimensions]
3
[landmarks]
40
[rawpoints]
'#1
4.450658e+000 -4.851094e+000 -3.950514e+000
-2.586547e+000 -6.940473e+000 -4.805763e-001
4.299437e+000 -6.645791e+000 -4.844266e+000
3.262392e+000 -3.701038e+000 -3.920891e+000
3.048265e+000 -3.691916e+000 -3.868708e+000
2.625706e+000 -7.246356e+000 -3.186761e+000
2.596758e+000 -6.465752e+000 -2.635486e+000
4.407736e+000 -6.220592e+000 -4.120679e+000
3.648782e+000 -4.953524e+000 -3.872864e+000
4.540260e+000 -6.089553e+000 -3.397770e+000
4.081868e+000 -5.105320e+000 -4.422153e+000
-4.089567e-001 -6.001054e+000 -1.456617e+000
-3.301873e-001 -5.912194e+000 -1.565240e+000
-2.102939e-001 -5.880256e+000 -1.667736e+000
-8.970489e-002 -5.852572e+000 -1.770653e+000
1.566261e-001 -5.932687e+000 -1.929688e+000
4.262358e-001 -5.915133e+000 -2.068944e+000
6.746010e-001 -5.972728e+000 -2.234455e+000
1.044939e+000 -5.941342e+000 -2.521960e+000
1.391661e+000 -6.047828e+000 -2.821248e+000
1.739378e+000 -6.072667e+000 -3.135840e+000
-1.553012e+000 -7.383110e+000 -1.110594e+000
-1.182322e+000 -7.489246e+000 -1.430751e+000
-7.715043e-001 -7.577906e+000 -1.703777e+000
-3.251532e-001 -7.627454e+000 -1.926236e+000
1.779462e-001 -7.590000e+000 -2.102046e+000
7.044514e-001 -7.588046e+000 -2.192635e+000
1.231674e+000 -7.599023e+000 -2.278283e+000
1.875217e+000 -7.555269e+000 -2.519961e+000
2.498910e+000 -7.467151e+000 -2.798757e+000
3.124325e+000 -7.337242e+000 -3.056529e+000
3.789947e+000 -7.179317e+000 -3.319544e+000
4.361443e+000 -6.831206e+000 -3.618530e+000
4.529212e+000 -6.139413e+000 -3.792937e+000
-1.549961e+000 -6.833012e+000 -1.023791e+000
-1.246873e+000 -6.783653e+000 -1.163899e+000
-9.542495e-001 -6.759228e+000 -1.330363e+000
-6.738394e-001 -6.702364e+000 -1.509440e+000
-3.814417e-001 -6.562696e+000 -1.603887e+000
-3.268847e-001 -6.253337e+000 -1.480426e+000
