[individuals]
1
[dimensions]
3
[landmarks]
40
[rawpoints]
'#1
1.433505e+000 -5.324418e+000 -9.790107e+000
2.015164e+000 -7.107892e+000 -1.218573e+000
6.871132e-001 -6.993138e+000 -9.546106e+000
8.148855e-001 -4.047818e+000 -8.774323e+000
7.466225e-001 -3.901526e+000 -8.598152e+000
1.418178e+000 -7.516321e+000 -7.437392e+000
1.913362e+000 -6.619448e+000 -7.391185e+000
1.392505e+000 -6.624394e+000 -9.484406e+000
1.163502e+000 -4.984814e+000 -8.636447e+000
2.137021e+000 -6.401187e+000 -9.285123e+000
9.841720e-001 -5.420974e+000 -9.451460e+000
1.781208e+000 -6.376203e+000 -3.788862e+000
1.769338e+000 -6.345348e+000 -3.895070e+000
1.741094e+000 -6.327052e+000 -4.001091e+000
1.704069e+000 -6.283148e+000 -4.096357e+000
1.665274e+000 -6.337182e+000 -4.401719e+000
1.622812e+000 -6.357436e+000 -4.710677e+000
1.577932e+000 -6.405328e+000 -5.016233e+000
1.490993e+000 -6.481521e+000 -5.489837e+000
1.405787e+000 -6.578975e+000 -5.959834e+000
1.298289e+000 -6.582526e+000 -6.435328e+000
1.886433e+000 -7.659645e+000 -2.465066e+000
1.786723e+000 -7.854936e+000 -2.984508e+000
1.689927e+000 -7.947919e+000 -3.532145e+000
1.629315e+000 -7.975255e+000 -4.092027e+000
1.624620e+000 -7.963489e+000 -4.783681e+000
1.696634e+000 -7.984000e+000 -5.471375e+000
1.772417e+000 -7.984612e+000 -6.158994e+000
1.782108e+000 -7.933379e+000 -6.779098e+000
1.767046e+000 -7.822598e+000 -7.391253e+000
1.780462e+000 -7.668698e+000 -7.994060e+000
1.830899e+000 -7.463374e+000 -8.583992e+000
1.875656e+000 -7.144113e+000 -9.121389e+000
1.826441e+000 -6.605675e+000 -9.438202e+000
1.869776e+000 -7.161381e+000 -2.621598e+000
1.872109e+000 -7.176759e+000 -2.904248e+000
1.869938e+000 -7.231757e+000 -3.181923e+000
1.814847e+000 -7.237803e+000 -3.459520e+000
1.770762e+000 -7.127920e+000 -3.716647e+000
1.812294e+000 -6.878412e+000 -3.843716e+000
