[individuals]
1
[dimensions]
3
[landmarks]
40
[rawpoints]
'#1
-4.044985e-001 -5.104050e+000 2.215961e+000
-5.229359e-001 -7.833498e+000 -5.734350e+000
7.800537e-001 -6.471902e+000 2.622475e+000
-1.199022e-001 -3.813721e+000 1.232528e+000
-1.711355e-001 -3.761584e+000 9.278278e-001
1.591353e-001 -7.560190e+000 5.981044e-001
-4.892704e-001 -6.785549e+000 2.740954e-001
1.099576e-001 -6.289573e+000 2.302377e+000
-2.060281e-001 -5.173464e+000 1.435244e+000
-7.998103e-001 -6.482169e+000 2.058081e+000
9.353433e-002 -5.112381e+000 2.091210e+000
-6.492006e-001 -6.966329e+000 -3.329428e+000
-5.827643e-001 -6.762540e+000 -3.297646e+000
-4.690507e-001 -6.628533e+000 -3.170878e+000
-4.314867e-001 -6.487117e+000 -3.011044e+000
-3.818005e-001 -6.423064e+000 -2.666083e+000
-3.706033e-001 -6.406730e+000 -2.312279e+000
-3.169970e-001 -6.433169e+000 -1.962998e+000
-2.137932e-001 -6.423251e+000 -1.548080e+000
-8.007803e-002 -6.452046e+000 -1.142852e+000
6.651155e-002 -6.444441e+000 -7.411560e-001
-1.934050e-001 -8.142958e+000 -4.579697e+000
-7.298946e-002 -8.225197e+000 -4.076831e+000
-1.821835e-002 -8.256323e+000 -3.557062e+000
2.687795e-002 -8.189448e+000 -3.039717e+000
5.265580e-002 -8.172040e+000 -2.322232e+000
4.370014e-002 -8.192094e+000 -1.604417e+000
4.066379e-002 -8.202685e+000 -8.863345e-001
1.247127e-002 -8.141541e+000 -2.803998e-001
-3.455285e-002 -8.000890e+000 3.109469e-001
-9.654293e-002 -7.818045e+000 8.892287e-001
-2.296782e-001 -7.544332e+000 1.560857e+000
-3.488245e-001 -7.085731e+000 2.125876e+000
-4.282004e-001 -6.363743e+000 2.252961e+000
-4.267807e-001 -7.705204e+000 -4.498256e+000
-3.997825e-001 -7.644826e+000 -4.205101e+000
-3.666103e-001 -7.589053e+000 -3.911667e+000
-3.073914e-001 -7.559459e+000 -3.618544e+000
-2.851825e-001 -7.442145e+000 -3.342762e+000
-3.644566e-001 -7.200452e+000 -3.182737e+000
