[individuals]
1
[dimensions]
3
[landmarks]
40
[rawpoints]
'#1
3.570037e+000 -4.480495e+000 5.247478e-001
-2.328894e+000 -6.615716e+000 -4.106819e+000
4.381500e+000 -5.838102e+000 -2.416225e-001
3.301124e+000 -3.084996e+000 -3.139999e-001
3.219441e+000 -3.071448e+000 -3.647493e-001
2.608716e+000 -6.698380e+000 -9.439594e-001
2.187462e+000 -5.939754e+000 -4.534459e-001
3.814014e+000 -5.527586e+000 1.601625e-001
3.176308e+000 -4.483248e+000 -1.494404e-001
3.218314e+000 -5.560371e+000 7.068987e-001
3.795247e+000 -4.563909e+000 1.593182e-001
-3.753304e-001 -5.869039e+000 -2.692878e+000
-2.895172e-001 -5.797435e+000 -2.702169e+000
-1.951416e-001 -5.747541e+000 -2.667812e+000
-1.030045e-001 -5.707597e+000 -2.617892e+000
1.098282e-001 -5.704295e+000 -2.478890e+000
3.116711e-001 -5.717336e+000 -2.324881e+000
5.275964e-001 -5.738536e+000 -2.192364e+000
9.779258e-001 -5.766974e+000 -1.987520e+000
1.428307e+000 -5.875228e+000 -1.811492e+000
1.878623e+000 -5.785198e+000 -1.625258e+000
-1.304516e+000 -7.025980e+000 -3.622857e+000
-7.613705e-001 -7.071560e+000 -3.473788e+000
-2.407348e-001 -7.178295e+000 -3.281821e+000
2.389818e-001 -7.235237e+000 -2.988672e+000
7.189478e-001 -7.273560e+000 -2.538908e+000
1.142525e+000 -7.346879e+000 -2.039594e+000
1.571826e+000 -7.335938e+000 -1.539873e+000
1.928525e+000 -7.264784e+000 -1.184679e+000
2.285148e+000 -7.099396e+000 -8.623036e-001
2.612868e+000 -6.909280e+000 -5.233137e-001
3.013569e+000 -6.619104e+000 -5.712175e-002
3.390136e+000 -6.182079e+000 3.024710e-001
3.546581e+000 -5.541900e+000 4.691218e-001
-1.276508e+000 -6.541663e+000 -3.492220e+000
-1.063611e+000 -6.499850e+000 -3.323408e+000
-8.334173e-001 -6.493332e+000 -3.173311e+000
-5.800763e-001 -6.468215e+000 -3.069613e+000
-4.883354e-001 -6.316619e+000 -2.842256e+000
-2.912922e-001 -6.260358e+000 -2.679765e+000
