[individuals]
1
[dimensions]
3
[landmarks]
40
[rawpoints]
'#1
1.964584e+003 3.084207e+003 7.837202e+003
5.353636e+002 2.648401e+003 1.329031e+003
2.746838e+003 1.636205e+003 7.625303e+003
2.155805e+003 4.314400e+003 6.673198e+003
2.145090e+003 4.341640e+003 6.551703e+003
1.958737e+003 1.307082e+003 6.004251e+003
1.211136e+003 1.920056e+003 5.803381e+003
2.164593e+003 2.013639e+003 7.631505e+003
1.966248e+003 3.099655e+003 7.101172e+003
1.349242e+003 2.296937e+003 7.608261e+003
2.249146e+003 2.970253e+003 7.614175e+003
1.068935e+003 2.885815e+003 3.288710e+003
1.144468e+003 2.846932e+003 3.419439e+003
1.199910e+003 2.765223e+003 3.540084e+003
1.242583e+003 2.803007e+003 3.685192e+003
1.318246e+003 2.703379e+003 3.932880e+003
1.386388e+003 2.594875e+003 4.179006e+003
1.473024e+003 2.483917e+003 4.418119e+003
1.609202e+003 2.448276e+003 4.718430e+003
1.753688e+003 2.284139e+003 4.967784e+003
1.923900e+003 2.272003e+003 5.252163e+003
1.006804e+003 2.002611e+003 2.237844e+003
1.213139e+003 1.779473e+003 2.496298e+003
1.392832e+003 1.577522e+003 2.789714e+003
1.490414e+003 1.396634e+003 3.131661e+003
1.512142e+003 1.219135e+003 3.752849e+003
1.496377e+003 9.589955e+002 4.344407e+003
1.473011e+003 8.657951e+002 4.983641e+003
1.495857e+003 9.200295e+002 5.645475e+003
1.545077e+003 1.029706e+003 6.298952e+003
1.561317e+003 1.155634e+003 6.951156e+003
1.594405e+003 1.360167e+003 7.304645e+003
1.669601e+003 1.689988e+003 7.535864e+003
1.746562e+003 2.076985e+003 7.646322e+003
9.007596e+002 2.442235e+003 2.421483e+003
9.466212e+002 2.411765e+003 2.593689e+003
9.935703e+002 2.377113e+003 2.764791e+003
1.047680e+003 2.339492e+003 2.933137e+003
1.077622e+003 2.375088e+003 3.107838e+003
1.051457e+003 2.524197e+003 3.206645e+003
