[individuals]
1
[dimensions]
3
[landmarks]
40
[rawpoints]
'#1
-1.407245e+000 1.825289e+001 -1.515235e+001
1.173298e+000 1.796029e+001 -2.375049e+001
5.324887e-001 1.917677e+001 -1.485014e+001
-2.587912e+000 1.853748e+001 -1.637211e+001
-2.633072e+000 1.850359e+001 -1.672481e+001
1.140548e+000 1.863094e+001 -1.712798e+001
2.672573e-001 1.811814e+001 -1.731586e+001
1.552820e-001 1.857354e+001 -1.518705e+001
-1.254840e+000 1.854658e+001 -1.605155e+001
7.762833e-002 1.783486e+001 -1.554879e+001
-1.286367e+000 1.878887e+001 -1.516254e+001
1.455757e-001 1.817886e+001 -2.068010e+001
6.136687e-002 1.823344e+001 -2.057801e+001
1.157573e-002 1.828406e+001 -2.045371e+001
-8.296891e-002 1.831531e+001 -2.035086e+001
-1.539588e-002 1.832885e+001 -2.004094e+001
2.855581e-002 1.831974e+001 -1.972665e+001
4.205856e-002 1.832825e+001 -1.940956e+001
8.535147e-002 1.840294e+001 -1.903347e+001
7.880410e-002 1.849984e+001 -1.866005e+001
5.433922e-002 1.861113e+001 -1.829138e+001
1.441732e+000 1.829600e+001 -2.243273e+001
1.545853e+000 1.852803e+001 -2.179907e+001
1.610895e+000 1.866058e+001 -2.113243e+001
1.577386e+000 1.870069e+001 -2.045164e+001
1.522615e+000 1.866948e+001 -1.965542e+001
1.573816e+000 1.860098e+001 -1.886132e+001
1.574647e+000 1.852585e+001 -1.806612e+001
1.470171e+000 1.840676e+001 -1.727131e+001
1.247670e+000 1.825509e+001 -1.650691e+001
9.297849e-001 1.814447e+001 -1.576966e+001
7.357620e-001 1.814982e+001 -1.553213e+001
4.886420e-001 1.817644e+001 -1.535238e+001
2.000822e-001 1.818793e+001 -1.524899e+001
1.015842e+000 1.812339e+001 -2.231705e+001
9.759375e-001 1.816747e+001 -2.190319e+001
7.898494e-001 1.817989e+001 -2.161089e+001
6.768532e-001 1.820814e+001 -2.125781e+001
8.163468e-001 1.829947e+001 -2.074705e+001
4.508609e-001 1.826464e+001 -2.055165e+001
