[individuals]
1
[dimensions]
3
[landmarks]
40
[rawpoints]
'#1
6.832807e+000 -4.525987e+000 -5.901263e+000
-1.242844e+000 -7.971497e+000 4.096920e-001
6.660817e+000 -6.281971e+000 -7.454118e+000
5.736768e+000 -2.888996e+000 -6.071529e+000
5.528853e+000 -2.775096e+000 -5.875752e+000
5.051790e+000 -7.791496e+000 -5.622766e+000
5.359045e+000 -6.816863e+000 -4.692536e+000
6.800385e+000 -6.032046e+000 -6.752215e+000
6.034213e+000 -4.633929e+000 -5.809814e+000
7.377164e+000 -6.283278e+000 -5.567216e+000
6.464012e+000 -4.633517e+000 -6.570378e+000
1.714833e+000 -6.742283e+000 -2.195729e+000
1.802340e+000 -6.686160e+000 -2.343281e+000
1.917393e+000 -6.603798e+000 -2.455345e+000
2.041970e+000 -6.555977e+000 -2.576891e+000
2.381912e+000 -6.658839e+000 -2.871643e+000
2.731230e+000 -6.627808e+000 -3.171734e+000
3.062550e+000 -6.688923e+000 -3.487211e+000
3.456205e+000 -6.762847e+000 -3.917697e+000
3.845143e+000 -6.744901e+000 -4.358289e+000
4.168141e+000 -6.607509e+000 -4.830036e+000
-2.892461e-002 -8.543554e+000 -1.274021e+000
3.758363e-001 -8.718182e+000 -1.874757e+000
8.958718e-001 -8.738352e+000 -2.408019e+000
1.476835e+000 -8.669973e+000 -2.869550e+000
2.369183e+000 -8.635292e+000 -3.480805e+000
3.300877e+000 -8.735328e+000 -4.022175e+000
4.233091e+000 -8.679018e+000 -4.568902e+000
4.823274e+000 -8.521951e+000 -4.976268e+000
5.386165e+000 -8.260775e+000 -5.368535e+000
5.973787e+000 -7.973975e+000 -5.702268e+000
6.702647e+000 -7.606590e+000 -6.044044e+000
7.211598e+000 -6.934615e+000 -6.313234e+000
7.220280e+000 -6.050105e+000 -6.336847e+000
2.213814e-001 -7.950780e+000 -9.710541e-001
5.459484e-001 -7.847732e+000 -1.268185e+000
8.412837e-001 -7.847769e+000 -1.610233e+000
1.156365e+000 -7.758174e+000 -1.921570e+000
1.485698e+000 -7.597712e+000 -2.186194e+000
1.760552e+000 -7.240302e+000 -2.216798e+000
