[individuals]
1
[dimensions]
3
[landmarks]
40
[rawpoints]
'#1
3.207963e+000 2.123663e+001 -3.115491e+001
2.455834e-001 1.915096e+001 -2.005590e+001
1.872059e+000 1.924473e+001 -3.156339e+001
2.504755e+000 2.287582e+001 -2.967393e+001
2.416593e+000 2.291426e+001 -2.923768e+001
1.753405e+000 1.806423e+001 -2.883975e+001
2.827883e+000 1.894831e+001 -2.825335e+001
2.584840e+000 1.948464e+001 -3.114438e+001
2.762965e+000 2.114120e+001 -3.017897e+001
3.648919e+000 1.939366e+001 -3.033525e+001
2.510162e+000 2.123111e+001 -3.123920e+001
1.218615e+000 1.969110e+001 -2.386748e+001
1.216987e+000 1.985011e+001 -2.397847e+001
1.240980e+000 1.987325e+001 -2.416950e+001
1.265195e+000 1.991940e+001 -2.435629e+001
1.345200e+000 1.984984e+001 -2.484142e+001
1.438854e+000 1.980879e+001 -2.532735e+001
1.510096e+000 1.973849e+001 -2.581373e+001
1.519449e+000 1.951628e+001 -2.633994e+001
1.563740e+000 1.942003e+001 -2.690134e+001
1.560574e+000 1.947305e+001 -2.747015e+001
2.026421e-001 1.850383e+001 -2.155011e+001
1.832851e-001 1.811127e+001 -2.240182e+001
2.597744e-001 1.790481e+001 -2.331366e+001
4.474962e-001 1.780372e+001 -2.422713e+001
7.098783e-001 1.764613e+001 -2.515343e+001
9.847208e-001 1.741529e+001 -2.606054e+001
1.284687e+000 1.726839e+001 -2.697714e+001
1.735915e+000 1.734022e+001 -2.812133e+001
2.226966e+000 1.768999e+001 -2.919579e+001
2.698422e+000 1.818983e+001 -3.021843e+001
2.875178e+000 1.855128e+001 -3.059163e+001
3.010446e+000 1.902603e+001 -3.083143e+001
3.112489e+000 1.955384e+001 -3.094173e+001
6.094908e-001 1.896206e+001 -2.177874e+001
6.724068e-001 1.899076e+001 -2.225948e+001
7.363422e-001 1.899228e+001 -2.274093e+001
7.815239e-001 1.899258e+001 -2.322451e+001
9.147782e-001 1.903582e+001 -2.368955e+001
1.110219e+000 1.934075e+001 -2.401310e+001
