[individuals]
1
[dimensions]
3
[landmarks]
40
[rawpoints]
'#1
-1.575460e+000 -6.547273e+000 -1.161601e+000
-1.845501e-001 -7.162402e+000 -7.513165e+000
-2.876924e-001 -7.696963e+000 -1.073689e+000
-1.103985e+000 -5.326926e+000 -1.527869e+000
-1.079687e+000 -5.259722e+000 -1.639920e+000
-5.540421e-001 -8.121776e+000 -2.705610e+000
-1.118722e+000 -7.596123e+000 -3.319067e+000
-1.063692e+000 -7.586545e+000 -1.455601e+000
-1.176352e+000 -6.513902e+000 -1.741895e+000
-1.628434e+000 -7.584937e+000 -1.752544e+000
-1.166698e+000 -6.580395e+000 -1.159875e+000
-4.816172e-001 -7.119596e+000 -5.794775e+000
-4.994825e-001 -7.047849e+000 -5.621201e+000
-5.080042e-001 -7.011912e+000 -5.436179e+000
-5.082350e-001 -7.000085e+000 -5.247877e+000
-5.176346e-001 -7.062045e+000 -4.980146e+000
-5.137179e-001 -7.140780e+000 -4.716713e+000
-5.031104e-001 -7.175932e+000 -4.444213e+000
-4.575768e-001 -7.224188e+000 -4.074800e+000
-3.891934e-001 -7.218383e+000 -3.705814e+000
-3.202342e-001 -7.237697e+000 -3.337383e+000
-1.025010e-002 -7.963520e+000 -6.519227e+000
1.449736e-002 -8.074429e+000 -6.251094e+000
2.849076e-002 -8.156816e+000 -5.972119e+000
4.411530e-002 -8.260981e+000 -5.700613e+000
6.824996e-002 -8.347598e+000 -5.362828e+000
8.363245e-002 -8.438211e+000 -5.025594e+000
5.490440e-002 -8.522295e+000 -4.687539e+000
-1.846156e-001 -8.569974e+000 -4.019353e+000
-5.062076e-001 -8.513109e+000 -3.387332e+000
-8.132356e-001 -8.340468e+000 -2.769222e+000
-1.029663e+000 -8.243571e+000 -2.278744e+000
-1.216099e+000 -8.010260e+000 -1.823096e+000
-1.359326e+000 -7.577138e+000 -1.525293e+000
-1.395500e-001 -7.512356e+000 -6.432890e+000
-1.520635e-001 -7.536030e+000 -6.272665e+000
-1.604635e-001 -7.564309e+000 -6.112931e+000
-1.792501e-001 -7.569227e+000 -5.951655e+000
-2.589249e-001 -7.532667e+000 -5.814905e+000
-3.613085e-001 -7.406864e+000 -5.806049e+000
