[individuals]
1
[dimensions]
3
[landmarks]
40
[rawpoints]
'#1
9.471424e+002 2.725444e+003 8.561739e+003
1.100402e+003 1.933225e+003 2.124414e+003
2.390611e+003 1.707078e+003 8.463188e+003
1.344035e+003 3.940797e+003 8.456154e+003
1.320480e+003 4.098603e+003 8.349350e+003
1.761774e+003 1.085138e+003 6.850264e+003
1.077703e+003 1.278309e+003 6.635511e+003
1.677781e+003 1.784104e+003 8.222034e+003
1.255984e+003 2.748552e+003 7.955733e+003
8.777274e+002 1.542629e+003 8.037368e+003
1.525815e+003 2.732133e+003 8.542376e+003
1.052506e+003 1.893515e+003 3.769548e+003
1.130060e+003 1.951121e+003 3.930432e+003
1.189734e+003 1.974542e+003 4.106807e+003
1.234117e+003 2.010499e+003 4.285558e+003
1.263802e+003 2.009799e+003 4.586853e+003
1.290315e+003 1.920774e+003 4.875020e+003
1.339769e+003 1.882405e+003 5.171231e+003
1.494154e+003 1.831981e+003 5.521903e+003
1.625574e+003 1.855987e+003 5.884537e+003
1.735014e+003 1.997376e+003 6.227156e+003
1.632812e+003 1.108758e+003 3.159339e+003
1.772026e+003 9.437770e+002 3.500476e+003
1.870353e+003 8.405073e+002 3.878154e+003
1.947110e+003 7.391609e+002 4.261316e+003
1.978407e+003 6.643800e+002 4.572116e+003
1.983673e+003 5.750009e+002 4.880582e+003
1.965730e+003 5.234080e+002 5.197101e+003
1.853861e+003 5.280448e+002 5.777761e+003
1.682178e+003 6.263747e+002 6.335030e+003
1.532982e+003 7.907219e+002 6.883122e+003
1.422095e+003 9.614303e+002 7.422705e+003
1.345866e+003 1.220619e+003 7.932236e+003
1.258474e+003 1.685464e+003 8.262189e+003
1.385160e+003 1.594461e+003 3.217527e+003
1.361662e+003 1.568269e+003 3.342431e+003
1.348986e+003 1.509453e+003 3.457402e+003
1.337708e+003 1.486309e+003 3.584588e+003
1.319391e+003 1.477310e+003 3.712738e+003
1.262370e+003 1.526432e+003 3.818445e+003
