[individuals]
1
[dimensions]
3
[landmarks]
40
[rawpoints]
'#1
2.513727e+000 2.116771e+001 -5.006412e+001
5.762539e-002 2.000308e+001 -4.112749e+001
1.498658e+000 1.945063e+001 -5.068942e+001
1.881858e+000 2.315983e+001 -4.946134e+001
1.825269e+000 2.324079e+001 -4.936798e+001
1.254833e+000 1.837908e+001 -4.786483e+001
2.075384e+000 1.930573e+001 -4.731679e+001
1.937304e+000 1.970116e+001 -5.036705e+001
2.113462e+000 2.103652e+001 -4.936327e+001
3.094367e+000 1.956745e+001 -4.966834e+001
1.725612e+000 2.101904e+001 -5.021798e+001
9.691765e-001 2.023640e+001 -4.385935e+001
9.230836e-001 2.011750e+001 -4.405459e+001
9.099962e-001 2.009221e+001 -4.428603e+001
9.433596e-001 2.018441e+001 -4.449760e+001
8.991214e-001 2.002792e+001 -4.485838e+001
8.996245e-001 1.991813e+001 -4.523845e+001
9.658312e-001 1.991535e+001 -4.562868e+001
9.537751e-001 1.974965e+001 -4.602890e+001
9.794918e-001 1.969094e+001 -4.645748e+001
1.003866e+000 1.976894e+001 -4.688303e+001
-3.598754e-002 1.916304e+001 -4.232362e+001
-1.501815e-001 1.881352e+001 -4.286849e+001
-1.065019e-001 1.857321e+001 -4.347876e+001
-2.114677e-003 1.829452e+001 -4.406487e+001
3.278857e-001 1.807669e+001 -4.488306e+001
7.287540e-001 1.781171e+001 -4.565438e+001
1.130464e+000 1.773095e+001 -4.646551e+001
1.462749e+000 1.778806e+001 -4.729910e+001
1.770037e+000 1.794124e+001 -4.813017e+001
2.086624e+000 1.817694e+001 -4.893811e+001
2.313048e+000 1.852434e+001 -4.949007e+001
2.488129e+000 1.902664e+001 -4.993018e+001
2.562622e+000 1.966934e+001 -5.017100e+001
3.666061e-001 1.960367e+001 -4.239802e+001
3.957826e-001 1.958177e+001 -4.270501e+001
3.849651e-001 1.954258e+001 -4.301146e+001
4.190832e-001 1.952184e+001 -4.331800e+001
5.347365e-001 1.955934e+001 -4.360223e+001
7.608765e-001 1.973190e+001 -4.372326e+001
