[individuals]
1
[dimensions]
3
[landmarks]
40
[rawpoints]
'#1
3.097952e+000 2.130401e+001 -2.699070e+001
1.982832e-001 1.949000e+001 -1.796116e+001
1.918581e+000 1.948203e+001 -2.751695e+001
2.269225e+000 2.303782e+001 -2.608820e+001
2.207175e+000 2.316408e+001 -2.599470e+001
1.899249e+000 1.825224e+001 -2.483335e+001
2.783283e+000 1.905948e+001 -2.429433e+001
2.640937e+000 1.978121e+001 -2.718654e+001
2.622828e+000 2.116297e+001 -2.614984e+001
3.678740e+000 1.957120e+001 -2.647067e+001
2.354656e+000 2.106018e+001 -2.706177e+001
1.270612e+000 1.998996e+001 -2.063650e+001
1.312000e+000 1.993581e+001 -2.081623e+001
1.335730e+000 1.990088e+001 -2.100377e+001
1.353673e+000 1.988156e+001 -2.119418e+001
1.386137e+000 1.978349e+001 -2.158436e+001
1.409509e+000 1.971516e+001 -2.198144e+001
1.447265e+000 1.972524e+001 -2.238316e+001
1.447016e+000 1.961103e+001 -2.279779e+001
1.451667e+000 1.949011e+001 -2.321050e+001
1.447454e+000 1.958530e+001 -2.362989e+001
3.543425e-001 1.863094e+001 -1.917345e+001
2.448310e-001 1.834316e+001 -1.955694e+001
3.154204e-001 1.815705e+001 -2.000667e+001
4.599243e-001 1.801803e+001 -2.045575e+001
8.641941e-001 1.784240e+001 -2.141403e+001
1.350041e+000 1.769419e+001 -2.233839e+001
1.815569e+000 1.767562e+001 -2.328466e+001
2.243143e+000 1.782305e+001 -2.432274e+001
2.647960e+000 1.806821e+001 -2.535141e+001
2.970273e+000 1.854909e+001 -2.632455e+001
3.039345e+000 1.886473e+001 -2.663306e+001
3.083117e+000 1.923741e+001 -2.687551e+001
3.093947e+000 1.966320e+001 -2.701030e+001
5.716155e-001 1.924893e+001 -1.941784e+001
6.862999e-001 1.925016e+001 -1.966884e+001
7.520100e-001 1.918749e+001 -1.992943e+001
8.646553e-001 1.915789e+001 -2.017961e+001
9.926460e-001 1.928391e+001 -2.038913e+001
1.140547e+000 1.948165e+001 -2.051231e+001
