[individuals]
1
[dimensions]
3
[landmarks]
40
[rawpoints]
'#1
3.085713e+000 -5.105008e+000 1.526227e+000
1.228340e+000 -7.044669e+000 -6.120946e+000
3.696506e+000 -6.884792e+000 1.704285e+000
3.495717e+000 -4.066721e+000 2.544041e-001
3.501198e+000 -4.037732e+000 1.328867e-001
2.471546e+000 -7.495482e+000 -1.075536e-001
2.032707e+000 -6.441866e+000 -4.325056e-001
3.133476e+000 -6.510314e+000 1.614411e+000
3.024051e+000 -5.268508e+000 6.588550e-001
2.088589e+000 -6.268949e+000 1.568239e+000
3.485540e+000 -5.427852e+000 1.458309e+000
1.625302e+000 -6.242072e+000 -3.867560e+000
1.711607e+000 -6.642153e+000 -3.894876e+000
1.908722e+000 -6.594653e+000 -3.539485e+000
1.931954e+000 -6.253173e+000 -3.313281e+000
2.011684e+000 -6.363935e+000 -2.929187e+000
2.037466e+000 -6.466727e+000 -2.535585e+000
2.157726e+000 -6.439013e+000 -2.147105e+000
2.300222e+000 -6.486881e+000 -1.740869e+000
2.478538e+000 -6.514365e+000 -1.347072e+000
2.699874e+000 -6.511767e+000 -9.747594e-001
1.463176e+000 -7.676680e+000 -4.844378e+000
1.753617e+000 -7.737050e+000 -4.551415e+000
1.852436e+000 -7.879821e+000 -4.172378e+000
1.891092e+000 -8.030712e+000 -3.785634e+000
1.941805e+000 -8.088137e+000 -2.881704e+000
1.938389e+000 -8.040756e+000 -1.975743e+000
1.939722e+000 -8.044390e+000 -1.068566e+000
1.998709e+000 -7.950521e+000 -5.662878e-001
2.083871e+000 -7.827393e+000 -7.419156e-002
2.147719e+000 -7.686659e+000 4.164100e-001
2.212048e+000 -7.427274e+000 1.188043e+000
2.469008e+000 -6.835382e+000 1.688571e+000
2.718347e+000 -6.057775e+000 1.691322e+000
1.378125e+000 -7.077796e+000 -4.790338e+000
1.445413e+000 -7.044732e+000 -4.591279e+000
1.522077e+000 -7.009962e+000 -4.395934e+000
1.580422e+000 -6.938342e+000 -4.204330e+000
1.607099e+000 -6.835622e+000 -4.019996e+000
1.552386e+000 -6.653240e+000 -3.925198e+000
