[individuals]
1
[dimensions]
3
[landmarks]
40
[rawpoints]
'#1
7.143627e-001 1.957848e+001 -7.297594e+001
4.631691e-001 1.744625e+001 -6.538165e+001
-1.783367e-001 1.802796e+001 -7.308290e+001
2.271200e-001 2.066627e+001 -7.187606e+001
1.755400e-001 2.082724e+001 -7.161933e+001
2.219074e-001 1.733557e+001 -7.110889e+001
8.658718e-001 1.812318e+001 -7.099693e+001
4.186037e-001 1.824462e+001 -7.275838e+001
4.404880e-001 1.958057e+001 -7.215920e+001
1.169694e+000 1.831608e+001 -7.238413e+001
3.512041e-001 1.946489e+001 -7.281324e+001
4.307451e-001 1.795020e+001 -6.768209e+001
3.985240e-001 1.803729e+001 -6.773956e+001
3.837188e-001 1.813926e+001 -6.777577e+001
3.984695e-001 1.821951e+001 -6.784837e+001
3.581631e-001 1.831689e+001 -6.821223e+001
3.500570e-001 1.842540e+001 -6.857509e+001
3.064623e-001 1.843484e+001 -6.895128e+001
2.347732e-001 1.826928e+001 -6.933788e+001
2.141018e-001 1.822036e+001 -6.976081e+001
1.615892e-001 1.823949e+001 -7.018408e+001
2.280471e-001 1.715977e+001 -6.652856e+001
6.345268e-002 1.710019e+001 -6.700243e+001
-1.065935e-002 1.706531e+001 -6.750089e+001
-5.550728e-002 1.695067e+001 -6.799083e+001
2.288460e-002 1.695485e+001 -6.865086e+001
1.316623e-001 1.683418e+001 -6.929539e+001
2.812624e-001 1.668609e+001 -6.992589e+001
4.897695e-001 1.681529e+001 -7.084978e+001
6.855005e-001 1.710095e+001 -7.174075e+001
8.111914e-001 1.760349e+001 -7.254411e+001
8.137050e-001 1.783557e+001 -7.267881e+001
7.969345e-001 1.810116e+001 -7.271324e+001
8.093807e-001 1.836700e+001 -7.274763e+001
3.660172e-001 1.753072e+001 -6.670628e+001
3.581418e-001 1.759053e+001 -6.693584e+001
3.298340e-001 1.760049e+001 -6.717128e+001
2.941816e-001 1.762055e+001 -6.740508e+001
2.710492e-001 1.766494e+001 -6.763708e+001
2.871153e-001 1.772416e+001 -6.786636e+001
