[individuals]
1
[dimensions]
3
[landmarks]
40
[rawpoints]
'#1
-2.277729e+000 -9.383868e+000 -3.972498e+000
1.425879e+000 4.801797e+000 -5.276615e+000
1.409657e-001 -9.627515e+000 -6.541388e+000
-1.502880e+000 -8.446653e+000 -1.203044e+000
-1.351034e+000 -7.543944e+000 -1.127996e+000
1.139410e-001 -5.946041e+000 -7.367113e+000
-1.107288e+000 -5.174609e+000 -6.153439e+000
-7.461290e-001 -9.373583e+000 -6.216085e+000
-1.343314e+000 -8.330263e+000 -3.937108e+000
-2.363966e+000 -8.402658e+000 -6.417531e+000
-9.546745e-001 -9.501595e+000 -4.115935e+000
4.281366e-001 4.088029e-001 -4.857615e+000
4.264773e-001 3.199493e-001 -4.779022e+000
3.915786e-001 2.250763e-001 -4.716922e+000
3.610485e-001 1.142250e-001 -4.687680e+000
2.525990e-001 -4.445924e-001 -4.616847e+000
1.786927e-001 -1.013446e+000 -4.613879e+000
1.454427e-001 -1.573640e+000 -4.732706e+000
1.380281e-001 -2.380342e+000 -5.055382e+000
1.379937e-001 -3.160816e+000 -5.437270e+000
1.600594e-001 -4.013824e+000 -5.601104e+000
1.628843e+000 3.138142e+000 -6.191495e+000
1.804426e+000 2.085107e+000 -6.567590e+000
1.783178e+000 9.871270e-001 -6.841680e+000
1.649722e+000 -1.126616e-001 -7.073713e+000
1.422385e+000 -1.088133e+000 -7.431066e+000
1.109065e+000 -2.006908e+000 -7.865499e+000
7.977199e-001 -2.956667e+000 -8.228853e+000
3.497467e-001 -4.176734e+000 -8.330076e+000
-9.454294e-002 -5.401328e+000 -8.279589e+000
-5.144089e-001 -6.634542e+000 -8.231684e+000
-9.565752e-001 -7.931895e+000 -8.031019e+000
-1.313223e+000 -8.937474e+000 -7.147512e+000
-1.589217e+000 -9.171315e+000 -5.810336e+000
1.055991e+000 2.786210e+000 -5.581640e+000
1.007985e+000 2.211424e+000 -5.584178e+000
1.017923e+000 1.636874e+000 -5.634068e+000
1.047574e+000 1.061234e+000 -5.655448e+000
9.477926e-001 4.965706e-001 -5.593061e+000
6.690212e-001 1.728210e-002 -5.434123e+000
