[individuals]
1
[dimensions]
3
[landmarks]
40
[rawpoints]
'#1
-9.347102e-001 -4.023134e+000 -6.371439e+000
8.049132e-001 -8.207634e+000 5.832650e+000
-2.230998e+000 -6.489706e+000 -6.637177e+000
-1.842094e+000 -2.105596e+000 -4.630898e+000
-1.549363e+000 -2.181309e+000 -4.003079e+000
-8.198525e-001 -7.672200e+000 -3.682743e+000
-1.201546e-001 -6.544705e+000 -3.166209e+000
-1.422828e+000 -6.054310e+000 -6.113262e+000
-1.154973e+000 -4.473174e+000 -5.182545e+000
-2.537857e-001 -5.744881e+000 -6.260651e+000
-1.850115e+000 -4.434728e+000 -6.080756e+000
-1.080625e-001 -6.680814e+000 1.454703e+000
-1.075786e-001 -6.607942e+000 1.342009e+000
-1.378729e-001 -6.486620e+000 1.293288e+000
-1.373317e-001 -6.379641e+000 1.212250e+000
-2.160196e-001 -6.360035e+000 7.386149e-001
-2.609457e-001 -6.331339e+000 2.610541e-001
-3.333294e-001 -6.335222e+000 -2.139700e-001
-4.488803e-001 -6.326867e+000 -8.194824e-001
-6.322876e-001 -6.478384e+000 -1.388249e+000
-7.676753e-001 -6.442920e+000 -1.988649e+000
3.693130e-001 -8.674852e+000 3.838377e+000
9.275264e-002 -8.747545e+000 2.977476e+000
-1.426512e-001 -8.688253e+000 2.103431e+000
-3.138893e-001 -8.616697e+000 1.215474e+000
-3.986198e-001 -8.629648e+000 1.414252e-001
-3.844964e-001 -8.708776e+000 -9.330638e-001
-3.595596e-001 -8.712955e+000 -2.010249e+000
-3.950424e-001 -8.573812e+000 -2.783457e+000
-4.310102e-001 -8.334523e+000 -3.531729e+000
-4.412178e-001 -8.053529e+000 -4.266166e+000
-4.599167e-001 -7.675498e+000 -5.415417e+000
-6.201351e-001 -6.849982e+000 -6.285527e+000
-7.833793e-001 -5.657378e+000 -6.408363e+000
5.778669e-001 -7.964414e+000 4.052099e+000
4.065720e-001 -7.829181e+000 3.493128e+000
2.178722e-001 -7.712799e+000 2.935515e+000
-3.715996e-003 -7.619948e+000 2.385656e+000
-1.494786e-001 -7.434042e+000 1.834050e+000
-1.795456e-001 -7.149769e+000 1.306451e+000
