[individuals]
1
[dimensions]
3
[landmarks]
40
[rawpoints]
'#1
3.480988e+000 2.139371e+001 -4.378129e+001
3.082810e-001 1.823610e+001 -3.214312e+001
2.453535e+000 1.927426e+001 -4.396368e+001
2.497194e+000 2.327334e+001 -4.264169e+001
2.480710e+000 2.329303e+001 -4.223565e+001
2.110250e+000 1.798135e+001 -4.085065e+001
3.111452e+000 1.904224e+001 -4.075732e+001
2.909477e+000 1.946742e+001 -4.350381e+001
2.824391e+000 2.119492e+001 -4.279324e+001
4.017740e+000 1.941170e+001 -4.287289e+001
2.656214e+000 2.114341e+001 -4.361411e+001
1.358756e+000 1.947939e+001 -3.617191e+001
1.389082e+000 1.963335e+001 -3.635712e+001
1.436290e+000 1.969364e+001 -3.658748e+001
1.487334e+000 1.972232e+001 -3.682307e+001
1.619206e+000 1.975847e+001 -3.736616e+001
1.751310e+000 1.974180e+001 -3.791015e+001
1.841466e+000 1.968967e+001 -3.846041e+001
1.878837e+000 1.961625e+001 -3.898008e+001
1.884589e+000 1.951466e+001 -3.949630e+001
1.859972e+000 1.945681e+001 -4.001869e+001
4.360312e-001 1.767917e+001 -3.388636e+001
3.709786e-001 1.750627e+001 -3.469341e+001
4.622036e-001 1.739760e+001 -3.550909e+001
6.595437e-001 1.743200e+001 -3.631242e+001
1.054142e+000 1.750547e+001 -3.741396e+001
1.504725e+000 1.740344e+001 -3.849148e+001
1.957862e+000 1.737946e+001 -3.957250e+001
2.376356e+000 1.751712e+001 -4.054719e+001
2.779718e+000 1.777613e+001 -4.150342e+001
3.191755e+000 1.800364e+001 -4.246391e+001
3.429645e+000 1.832957e+001 -4.299888e+001
3.519465e+000 1.891499e+001 -4.331232e+001
3.517710e+000 1.957607e+001 -4.342178e+001
8.518426e-001 1.844726e+001 -3.420505e+001
9.187973e-001 1.841087e+001 -3.467547e+001
9.750227e-001 1.843081e+001 -3.514827e+001
1.032227e+000 1.850543e+001 -3.561543e+001
1.114374e+000 1.865834e+001 -3.605923e+001
1.356187e+000 1.894815e+001 -3.635012e+001
