[individuals]
1
[dimensions]
3
[landmarks]
40
[rawpoints]
'#1
4.095516e-001 1.792911e+001 -6.911120e+001
-1.120643e+000 1.708059e+001 -5.675670e+001
2.541795e+000 1.669519e+001 -6.858010e+001
-1.780580e+000 1.692154e+001 -6.908010e+001
-2.101923e+000 1.693184e+001 -6.826005e+001
2.325819e+000 1.729901e+001 -6.542989e+001
1.235704e+000 1.808887e+001 -6.545773e+001
1.987950e+000 1.727891e+001 -6.828918e+001
2.278286e-001 1.734327e+001 -6.815251e+001
1.601876e+000 1.878352e+001 -6.773886e+001
6.613606e-001 1.743939e+001 -6.917661e+001
-6.334091e-001 1.712813e+001 -6.110070e+001
-8.211776e-001 1.709033e+001 -6.128940e+001
-7.804214e-001 1.709176e+001 -6.155516e+001
-7.814524e-001 1.708736e+001 -6.182399e+001
-6.461034e-001 1.711126e+001 -6.224968e+001
-5.027088e-001 1.717344e+001 -6.266881e+001
-2.544233e-001 1.715134e+001 -6.304025e+001
2.173035e-001 1.696611e+001 -6.348367e+001
5.420744e-001 1.695117e+001 -6.407333e+001
6.936918e-001 1.693215e+001 -6.472915e+001
2.640553e-001 1.703850e+001 -5.837807e+001
6.487452e-001 1.668362e+001 -5.901633e+001
8.482440e-001 1.652573e+001 -5.980157e+001
1.222160e+000 1.643715e+001 -6.053208e+001
1.556635e+000 1.663709e+001 -6.152930e+001
1.969231e+000 1.686241e+001 -6.249124e+001
2.355771e+000 1.709330e+001 -6.346261e+001
2.676439e+000 1.739680e+001 -6.459094e+001
2.854647e+000 1.772640e+001 -6.574318e+001
2.954331e+000 1.800589e+001 -6.691792e+001
2.811323e+000 1.808975e+001 -6.745537e+001
2.416350e+000 1.808204e+001 -6.785569e+001
1.951931e+000 1.803472e+001 -6.816939e+001
-4.354270e-001 1.722849e+001 -5.881713e+001
-3.166565e-001 1.717367e+001 -5.926201e+001
-1.337153e-001 1.712295e+001 -5.968510e+001
-6.785384e-002 1.710977e+001 -6.014393e+001
-6.173050e-003 1.709246e+001 -6.060318e+001
-2.122814e-001 1.705305e+001 -6.101672e+001
