[individuals]
1
[dimensions]
3
[landmarks]
40
[rawpoints]
'#1
9.374288e-001 -5.755017e+000 -3.271465e+000
1.400457e+000 -7.887077e+000 -1.151484e+001
2.136150e+000 -7.310033e+000 -3.243020e+000
1.380291e+000 -4.467626e+000 -4.588096e+000
1.366083e+000 -4.448133e+000 -4.784692e+000
1.766425e+000 -7.916701e+000 -5.125721e+000
1.039667e+000 -7.225752e+000 -5.534854e+000
1.456290e+000 -7.132699e+000 -3.377852e+000
1.320952e+000 -5.977240e+000 -4.084178e+000
6.551853e-001 -7.383021e+000 -4.025048e+000
1.574255e+000 -5.900867e+000 -3.448389e+000
1.379942e+000 -7.284451e+000 -8.417803e+000
1.374809e+000 -7.271899e+000 -8.342796e+000
1.367093e+000 -7.215749e+000 -8.291804e+000
1.358482e+000 -7.142698e+000 -8.271811e+000
1.413795e+000 -7.105269e+000 -7.926591e+000
1.481028e+000 -7.096773e+000 -7.581570e+000
1.538617e+000 -7.083490e+000 -7.234963e+000
1.625962e+000 -7.235673e+000 -6.850422e+000
1.660118e+000 -7.277822e+000 -6.430241e+000
1.724638e+000 -7.116569e+000 -6.045379e+000
1.602381e+000 -8.462662e+000 -9.967779e+000
1.692313e+000 -8.594490e+000 -9.329706e+000
1.744848e+000 -8.610010e+000 -8.674257e+000
1.773159e+000 -8.599945e+000 -8.017224e+000
1.745887e+000 -8.597198e+000 -7.451804e+000
1.715103e+000 -8.652396e+000 -6.889258e+000
1.688152e+000 -8.645922e+000 -6.323853e+000
1.573053e+000 -8.483584e+000 -5.687171e+000
1.499161e+000 -8.309093e+000 -5.047591e+000
1.367768e+000 -8.104201e+000 -4.426539e+000
1.184991e+000 -7.872890e+000 -3.943523e+000
1.022030e+000 -7.520051e+000 -3.532205e+000
9.515804e-001 -6.983642e+000 -3.366313e+000
1.390513e+000 -7.962109e+000 -1.005422e+001
1.419775e+000 -7.906726e+000 -9.703646e+000
1.479100e+000 -7.884220e+000 -9.353220e+000
1.537425e+000 -7.845554e+000 -9.004036e+000
1.539920e+000 -7.748301e+000 -8.661459e+000
1.419114e+000 -7.555086e+000 -8.387807e+000
