[individuals]
1
[dimensions]
3
[landmarks]
40
[rawpoints]
'#1
2.797774e+000 2.471311e+001 4.633143e+000
-3.040692e+000 2.475630e+001 2.071660e+001
1.406727e-001 2.719024e+001 3.746787e+000
5.085027e+000 2.527762e+001 6.607738e+000
4.563334e+000 2.508255e+001 7.572035e+000
-2.339682e+000 2.646662e+001 7.333316e+000
-1.295864e+000 2.492918e+001 8.360371e+000
2.296272e-001 2.630606e+001 4.351749e+000
2.588252e+000 2.541982e+001 5.983575e+000
3.815537e-002 2.480195e+001 4.682225e+000
2.565155e+000 2.607236e+001 4.498195e+000
-1.115233e+000 2.529622e+001 1.385168e+001
-1.066090e+000 2.533273e+001 1.368421e+001
-9.615067e-001 2.533848e+001 1.353990e+001
-8.247563e-001 2.522416e+001 1.353558e+001
-7.633253e-001 2.525616e+001 1.290938e+001
-8.041217e-001 2.535355e+001 1.228828e+001
-8.012661e-001 2.543141e+001 1.166311e+001
-1.081993e+000 2.575028e+001 1.084010e+001
-1.113394e+000 2.595351e+001 9.938131e+000
-1.082898e+000 2.624348e+001 9.059558e+000
-3.481704e+000 2.549830e+001 1.863143e+001
-3.391264e+000 2.606517e+001 1.740020e+001
-3.370217e+000 2.644387e+001 1.609575e+001
-3.488348e+000 2.677965e+001 1.478473e+001
-3.497035e+000 2.663352e+001 1.277163e+001
-3.772567e+000 2.647207e+001 1.077852e+001
-3.669713e+000 2.619972e+001 8.781160e+000
-3.180686e+000 2.607772e+001 7.462570e+000
-2.587329e+000 2.596417e+001 6.186639e+000
-1.875922e+000 2.577312e+001 4.982451e+000
-1.294856e+000 2.567223e+001 4.547210e+000
-5.868132e-001 2.557436e+001 4.384810e+000
1.344614e-001 2.544558e+001 4.404877e+000
-2.869376e+000 2.479110e+001 1.827665e+001
-2.738993e+000 2.505898e+001 1.729231e+001
-2.725308e+000 2.538674e+001 1.631766e+001
-2.535112e+000 2.551904e+001 1.531570e+001
-2.221205e+000 2.563844e+001 1.434368e+001
-1.568530e+000 2.548366e+001 1.356419e+001
