[individuals]
1
[dimensions]
3
[landmarks]
40
[rawpoints]
'#1
1.546330e+000 2.046538e+001 -5.438459e+001
-3.145645e-001 1.788838e+001 -4.642818e+001
3.863747e-001 1.908454e+001 -5.469863e+001
8.192292e-001 2.187578e+001 -5.321468e+001
7.466942e-001 2.194550e+001 -5.302753e+001
3.468449e-001 1.817625e+001 -5.272308e+001
1.057985e+000 1.900248e+001 -5.209097e+001
9.726059e-001 1.919661e+001 -5.422001e+001
1.056944e+000 2.046288e+001 -5.355989e+001
1.706609e+000 1.904356e+001 -5.383241e+001
9.565868e-001 2.047195e+001 -5.418360e+001
1.825807e-001 1.914881e+001 -4.936251e+001
1.742052e-001 1.917980e+001 -4.946815e+001
1.675302e-001 1.922721e+001 -4.956764e+001
1.568634e-001 1.928813e+001 -4.965911e+001
2.363372e-001 1.928872e+001 -4.998592e+001
3.262248e-001 1.925826e+001 -5.030857e+001
3.730066e-001 1.924910e+001 -5.064151e+001
3.384016e-001 1.916826e+001 -5.110559e+001
2.669381e-001 1.904938e+001 -5.155747e+001
1.457756e-001 1.905919e+001 -5.201409e+001
-3.681751e-001 1.773845e+001 -4.790911e+001
-3.929260e-001 1.770983e+001 -4.842551e+001
-3.571455e-001 1.775062e+001 -4.894044e+001
-2.903534e-001 1.779270e+001 -4.945217e+001
-1.409784e-001 1.776521e+001 -5.017200e+001
4.477029e-002 1.762997e+001 -5.087089e+001
2.594275e-001 1.755159e+001 -5.157017e+001
5.696978e-001 1.767065e+001 -5.234368e+001
9.059526e-001 1.789488e+001 -5.308214e+001
1.241306e+000 1.821234e+001 -5.378605e+001
1.357626e+000 1.846612e+001 -5.403444e+001
1.395939e+000 1.882533e+001 -5.412996e+001
1.430756e+000 1.919647e+001 -5.415586e+001
-1.389712e-001 1.822747e+001 -4.790594e+001
-9.450086e-002 1.832273e+001 -4.824110e+001
-5.732436e-002 1.838324e+001 -4.858507e+001
-1.139488e-002 1.846907e+001 -4.892256e+001
2.790455e-002 1.861046e+001 -4.924168e+001
1.065996e-001 1.884396e+001 -4.949199e+001
