[individuals]
1
[dimensions]
3
[landmarks]
40
[rawpoints]
'#1
2.177588e+000 2.006453e+001 -7.616812e+001
-3.466629e-001 1.801870e+001 -6.723839e+001
1.258988e+000 1.817960e+001 -7.657043e+001
1.584484e+000 2.150184e+001 -7.481781e+001
1.519408e+000 2.136165e+001 -7.440915e+001
1.126263e+000 1.762017e+001 -7.448741e+001
1.646377e+000 1.836364e+001 -7.372126e+001
1.789471e+000 1.850946e+001 -7.618069e+001
1.608661e+000 1.991931e+001 -7.521044e+001
2.568797e+000 1.872464e+001 -7.549105e+001
1.763433e+000 1.988807e+001 -7.607156e+001
2.867312e-001 1.861876e+001 -7.042046e+001
2.803054e-001 1.864609e+001 -7.049058e+001
2.827122e-001 1.870345e+001 -7.053966e+001
2.994220e-001 1.874290e+001 -7.060186e+001
3.880692e-001 1.878322e+001 -7.091529e+001
4.688736e-001 1.873284e+001 -7.122939e+001
5.476682e-001 1.874422e+001 -7.154779e+001
6.087866e-001 1.871518e+001 -7.201104e+001
6.456342e-001 1.865046e+001 -7.247324e+001
6.672325e-001 1.859086e+001 -7.293711e+001
-3.206031e-001 1.749178e+001 -6.876159e+001
-3.171765e-001 1.732611e+001 -6.943680e+001
-2.421923e-001 1.724580e+001 -7.012332e+001
-1.088855e-001 1.717159e+001 -7.080160e+001
1.138920e-001 1.718085e+001 -7.147910e+001
3.740115e-001 1.708966e+001 -7.213695e+001
6.470538e-001 1.701240e+001 -7.279132e+001
9.772743e-001 1.716581e+001 -7.362383e+001
1.324583e+000 1.734046e+001 -7.444511e+001
1.680741e+000 1.765177e+001 -7.522090e+001
1.889074e+000 1.783125e+001 -7.558160e+001
2.072591e+000 1.813733e+001 -7.586151e+001
2.220701e+000 1.855536e+001 -7.595657e+001
-8.877830e-002 1.801375e+001 -6.880533e+001
-2.931495e-002 1.805313e+001 -6.915382e+001
1.676806e-002 1.805574e+001 -6.950652e+001
7.030618e-002 1.804165e+001 -6.985789e+001
1.404287e-001 1.808143e+001 -7.020434e+001
2.105053e-001 1.822669e+001 -7.052138e+001
