[individuals]
1
[dimensions]
3
[landmarks]
40
[rawpoints]
'#1
-1.530312e+000 -1.087723e+001 -1.641729e+000
1.402126e+000 9.766268e-001 -3.257294e+000
-3.524354e-001 -1.104064e+001 -3.932156e+000
-2.905930e-002 -9.463175e+000 3.217499e-001
-3.273400e-003 -9.100698e+000 2.937294e-001
-3.522278e-001 -7.902870e+000 -4.760951e+000
-9.381962e-001 -7.380744e+000 -3.463938e+000
-9.132566e-001 -1.069614e+001 -3.689825e+000
-8.437992e-001 -9.701155e+000 -1.737440e+000
-2.002702e+000 -1.023896e+001 -3.563020e+000
-6.418559e-001 -1.092623e+001 -1.964399e+000
5.847597e-001 -3.133863e+000 -2.539424e+000
5.490975e-001 -3.289122e+000 -2.416703e+000
5.159909e-001 -3.482992e+000 -2.374802e+000
4.480966e-001 -3.671409e+000 -2.356713e+000
4.598847e-001 -4.136010e+000 -2.552930e+000
2.991043e-001 -4.608103e+000 -2.628932e+000
2.835033e-001 -5.067493e+000 -2.836819e+000
2.688895e-001 -5.693547e+000 -3.169044e+000
2.141672e-001 -6.370692e+000 -3.370232e+000
2.257275e-001 -7.077847e+000 -3.422947e+000
1.223989e+000 -6.387754e-001 -4.093606e+000
1.213877e+000 -1.598975e+000 -4.377913e+000
1.125396e+000 -2.571590e+000 -4.599524e+000
9.180313e-001 -3.545611e+000 -4.705365e+000
5.747300e-001 -4.641032e+000 -4.990362e+000
1.445426e-001 -5.706213e+000 -5.272071e+000
-3.153467e-001 -6.782022e+000 -5.445693e+000
-6.230783e-001 -7.466565e+000 -5.395101e+000
-9.494664e-001 -8.136980e+000 -5.295712e+000
-1.269199e+000 -8.799925e+000 -5.140424e+000
-1.558289e+000 -9.481550e+000 -4.898598e+000
-1.712080e+000 -1.006744e+001 -4.408951e+000
-1.764352e+000 -1.044394e+001 -3.729111e+000
9.880964e-001 -1.046289e+000 -3.270643e+000
9.206888e-001 -1.537328e+000 -3.291022e+000
8.359170e-001 -2.025009e+000 -3.323770e+000
7.966450e-001 -2.517918e+000 -3.363263e+000
7.054532e-001 -3.005281e+000 -3.347786e+000
6.210964e-001 -3.222333e+000 -2.909797e+000
