[individuals]
1
[dimensions]
3
[landmarks]
40
[rawpoints]
'#1
-2.181052e+000 -4.252630e+000 -2.976023e+000
6.800059e+000 -7.584815e+000 -1.215357e+000
-2.950824e+000 -6.015099e+000 -1.984412e+000
-1.321607e+000 -2.985116e+000 -2.544885e+000
-9.331712e-001 -2.947439e+000 -2.511255e+000
-8.009369e-001 -7.391561e+000 -1.952112e+000
-1.233637e-001 -6.198585e+000 -2.629573e+000
-2.344296e+000 -5.901106e+000 -2.512719e+000
-1.345114e+000 -4.523118e+000 -2.706834e+000
-1.878448e+000 -6.156316e+000 -3.376720e+000
-2.297073e+000 -4.351723e+000 -2.454446e+000
3.552953e+000 -6.536108e+000 -1.695060e+000
3.450649e+000 -6.521617e+000 -1.735895e+000
3.390380e+000 -6.451715e+000 -1.795278e+000
3.281268e+000 -6.430799e+000 -1.815420e+000
2.875262e+000 -6.364914e+000 -1.874014e+000
2.460709e+000 -6.342371e+000 -1.889988e+000
2.045300e+000 -6.340166e+000 -1.884145e+000
1.507740e+000 -6.374819e+000 -1.873963e+000
9.706504e-001 -6.396342e+000 -1.837659e+000
4.791454e-001 -6.175659e+000 -1.837354e+000
5.014158e+000 -8.065989e+000 -1.109599e+000
4.354348e+000 -8.156466e+000 -1.140304e+000
3.688590e+000 -8.139914e+000 -1.171555e+000
3.024909e+000 -8.120863e+000 -1.231859e+000
2.265531e+000 -8.115818e+000 -1.326190e+000
1.510824e+000 -8.174680e+000 -1.438351e+000
7.610115e-001 -8.245471e+000 -1.573898e+000
6.463306e-002 -8.093572e+000 -1.747801e+000
-6.158536e-001 -7.906886e+000 -1.948780e+000
-1.267393e+000 -7.659500e+000 -2.178078e+000
-1.930317e+000 -7.245390e+000 -2.483948e+000
-2.364397e+000 -6.603799e+000 -2.807266e+000
-2.249177e+000 -5.805424e+000 -3.039335e+000
5.312644e+000 -7.433424e+000 -1.347436e+000
4.925083e+000 -7.326293e+000 -1.402356e+000
4.525829e+000 -7.265405e+000 -1.442179e+000
4.129540e+000 -7.189882e+000 -1.486122e+000
3.745946e+000 -7.072627e+000 -1.547759e+000
3.402094e+000 -6.873323e+000 -1.629817e+000
