[individuals]
1
[dimensions]
3
[landmarks]
40
[rawpoints]
'#1
3.767566e+000 -6.010022e+000 -7.711568e+000
3.575890e+000 -6.779733e+000 -1.983294e+000
3.173485e+000 -7.445308e+000 -7.705462e+000
3.606347e+000 -5.204634e+000 -7.059548e+000
3.622280e+000 -5.250620e+000 -6.930806e+000
3.427761e+000 -7.632138e+000 -6.028957e+000
3.683462e+000 -7.174478e+000 -6.182784e+000
3.586987e+000 -7.244206e+000 -7.464189e+000
3.650626e+000 -6.040101e+000 -7.244720e+000
4.134048e+000 -7.114587e+000 -7.175907e+000
3.500188e+000 -6.136368e+000 -7.722528e+000
3.491886e+000 -6.537895e+000 -3.832615e+000
3.504299e+000 -6.526063e+000 -3.910440e+000
3.542544e+000 -6.467326e+000 -3.948398e+000
3.518151e+000 -6.437457e+000 -4.018144e+000
3.465974e+000 -6.387068e+000 -4.253083e+000
3.470953e+000 -6.446647e+000 -4.491571e+000
3.443225e+000 -6.505242e+000 -4.728748e+000
3.410634e+000 -6.569547e+000 -4.918796e+000
3.377326e+000 -6.665092e+000 -5.095083e+000
3.328831e+000 -6.727210e+000 -5.282444e+000
3.423569e+000 -7.148848e+000 -2.725371e+000
3.333360e+000 -7.272057e+000 -3.076331e+000
3.298853e+000 -7.383794e+000 -3.440764e+000
3.303169e+000 -7.510167e+000 -3.802019e+000
3.349081e+000 -7.659186e+000 -4.384895e+000
3.439118e+000 -7.863403e+000 -4.945494e+000
3.527762e+000 -7.972932e+000 -5.532189e+000
3.565597e+000 -7.995641e+000 -5.833272e+000
3.596666e+000 -7.955710e+000 -6.133338e+000
3.651908e+000 -7.902254e+000 -6.427766e+000
3.808107e+000 -7.774096e+000 -6.873715e+000
3.893520e+000 -7.455850e+000 -7.235857e+000
3.880986e+000 -7.001895e+000 -7.418814e+000
3.522031e+000 -6.943685e+000 -2.904972e+000
3.456291e+000 -6.973495e+000 -3.130250e+000
3.425896e+000 -6.996204e+000 -3.363738e+000
3.427017e+000 -6.990211e+000 -3.600217e+000
3.467751e+000 -6.914742e+000 -3.820679e+000
3.495888e+000 -6.728635e+000 -3.963960e+000
