[individuals]
1
[dimensions]
3
[landmarks]
40
[rawpoints]
'#1
3.403619e+000 -6.103564e+000 -7.088544e+000
3.539241e+000 -7.450785e+000 -1.488568e+000
2.538023e+000 -7.296632e+000 -7.045375e+000
3.389939e+000 -5.061961e+000 -6.107874e+000
3.437835e+000 -5.150003e+000 -5.980370e+000
2.919055e+000 -7.659021e+000 -5.955713e+000
3.446298e+000 -7.062202e+000 -5.569141e+000
3.158674e+000 -7.066887e+000 -7.006979e+000
3.284574e+000 -6.067034e+000 -6.487242e+000
3.629607e+000 -6.976624e+000 -6.899068e+000
3.008049e+000 -6.235074e+000 -6.836388e+000
3.588211e+000 -6.984361e+000 -3.069965e+000
3.546902e+000 -6.936427e+000 -3.147011e+000
3.526659e+000 -6.910748e+000 -3.241196e+000
3.507779e+000 -6.894608e+000 -3.337753e+000
3.449338e+000 -6.861799e+000 -3.568942e+000
3.398030e+000 -6.828965e+000 -3.801811e+000
3.328669e+000 -6.840166e+000 -4.032037e+000
3.255442e+000 -6.838260e+000 -4.327727e+000
3.177202e+000 -6.868308e+000 -4.620599e+000
3.101916e+000 -6.901726e+000 -4.913874e+000
3.335515e+000 -7.720973e+000 -2.293041e+000
3.207181e+000 -7.842470e+000 -2.761826e+000
3.121294e+000 -7.848651e+000 -3.255378e+000
3.069234e+000 -7.865167e+000 -3.753397e+000
3.065956e+000 -7.878644e+000 -4.198071e+000
3.086953e+000 -7.924547e+000 -4.640090e+000
3.111530e+000 -7.945619e+000 -5.083817e+000
3.113539e+000 -7.905622e+000 -5.408092e+000
3.119012e+000 -7.870480e+000 -5.732889e+000
3.153199e+000 -7.791797e+000 -6.048162e+000
3.252405e+000 -7.651254e+000 -6.429070e+000
3.349527e+000 -7.454340e+000 -6.784715e+000
3.388671e+000 -7.097867e+000 -6.999350e+000
3.453147e+000 -7.445792e+000 -2.320889e+000
3.415483e+000 -7.443564e+000 -2.504920e+000
3.365523e+000 -7.429634e+000 -2.685467e+000
3.333991e+000 -7.386638e+000 -2.865600e+000
3.341428e+000 -7.311358e+000 -3.037553e+000
3.495923e+000 -7.215518e+000 -3.084800e+000
