[individuals]
1
[dimensions]
3
[landmarks]
40
[rawpoints]
'#1
-3.334503e-001 1.816073e+001 -6.207066e+001
-1.739325e+000 1.753528e+001 -7.031572e+001
-2.043788e+000 1.740315e+001 -6.196973e+001
9.184143e-001 1.743865e+001 -6.293884e+001
1.022340e+000 1.741499e+001 -6.315416e+001
-2.337458e+000 1.780973e+001 -6.397147e+001
-1.623616e+000 1.841328e+001 -6.402009e+001
-1.586071e+000 1.784529e+001 -6.215728e+001
-3.149944e-001 1.782649e+001 -6.289111e+001
-1.530961e+000 1.872851e+001 -6.277198e+001
-4.799704e-001 1.770625e+001 -6.212274e+001
-9.114721e-001 1.761120e+001 -6.760323e+001
-8.977790e-001 1.758789e+001 -6.745521e+001
-9.197944e-001 1.756128e+001 -6.730876e+001
-8.468016e-001 1.754255e+001 -6.717852e+001
-9.142668e-001 1.756374e+001 -6.685203e+001
-9.721149e-001 1.760337e+001 -6.652542e+001
-1.056832e+000 1.761237e+001 -6.620241e+001
-1.194865e+000 1.758433e+001 -6.577278e+001
-1.237668e+000 1.755591e+001 -6.532356e+001
-1.207473e+000 1.743204e+001 -6.488979e+001
-2.276362e+000 1.741256e+001 -6.888392e+001
-2.428129e+000 1.734325e+001 -6.843542e+001
-2.531986e+000 1.735424e+001 -6.796843e+001
-2.575380e+000 1.740990e+001 -6.749513e+001
-2.603477e+000 1.756943e+001 -6.680835e+001
-2.621099e+000 1.778956e+001 -6.613819e+001
-2.605600e+000 1.797888e+001 -6.545860e+001
-2.574946e+000 1.809176e+001 -6.476482e+001
-2.480748e+000 1.814417e+001 -6.406959e+001
-2.397628e+000 1.828173e+001 -6.338464e+001
-2.245563e+000 1.839616e+001 -6.289660e+001
-1.918953e+000 1.841921e+001 -6.248769e+001
-1.440573e+000 1.837834e+001 -6.227823e+001
-1.746242e+000 1.763682e+001 -6.884177e+001
-1.732339e+000 1.759584e+001 -6.854568e+001
-1.723204e+000 1.756187e+001 -6.824855e+001
-1.703173e+000 1.753625e+001 -6.795110e+001
-1.609438e+000 1.754033e+001 -6.766696e+001
-1.364524e+000 1.758604e+001 -6.750127e+001
