[individuals]
1
[dimensions]
3
[landmarks]
40
[rawpoints]
'#1
3.709206e+000 1.950047e+001 -9.144656e+001
1.060058e-001 1.766379e+001 -8.321160e+001
2.777088e+000 1.782346e+001 -9.213696e+001
2.927616e+000 2.108611e+001 -9.089980e+001
2.833423e+000 2.111996e+001 -9.064834e+001
2.448641e+000 1.729108e+001 -8.967690e+001
2.996706e+000 1.800632e+001 -8.925993e+001
3.213979e+000 1.819580e+001 -9.161324e+001
3.227200e+000 1.952356e+001 -9.089376e+001
3.936908e+000 1.807540e+001 -9.067551e+001
3.112979e+000 1.941414e+001 -9.156271e+001
1.245136e+000 1.839902e+001 -8.570949e+001
1.286044e+000 1.848823e+001 -8.583190e+001
1.287187e+000 1.856206e+001 -8.597034e+001
1.261817e+000 1.866239e+001 -8.608827e+001
1.373877e+000 1.862970e+001 -8.645493e+001
1.496956e+000 1.871721e+001 -8.680883e+001
1.613809e+000 1.870639e+001 -8.717528e+001
1.730491e+000 1.866194e+001 -8.763615e+001
1.794434e+000 1.852449e+001 -8.808895e+001
1.866236e+000 1.840882e+001 -8.854661e+001
3.961656e-001 1.703563e+001 -8.477230e+001
4.484054e-001 1.692095e+001 -8.528743e+001
6.079124e-001 1.687696e+001 -8.579128e+001
8.164130e-001 1.686428e+001 -8.627874e+001
1.199568e+000 1.687428e+001 -8.700359e+001
1.640177e+000 1.682234e+001 -8.769314e+001
2.081701e+000 1.680940e+001 -8.838394e+001
2.543401e+000 1.694172e+001 -8.920460e+001
2.972024e+000 1.717349e+001 -9.002109e+001
3.406225e+000 1.747128e+001 -9.081285e+001
3.520688e+000 1.764224e+001 -9.104825e+001
3.597779e+000 1.789246e+001 -9.121908e+001
3.655978e+000 1.818786e+001 -9.130328e+001
5.622401e-001 1.762756e+001 -8.467766e+001
6.581188e-001 1.765604e+001 -8.496243e+001
7.513438e-001 1.770380e+001 -8.524551e+001
8.372622e-001 1.774858e+001 -8.553137e+001
9.424821e-001 1.784616e+001 -8.579692e+001
1.072706e+000 1.796236e+001 -8.604318e+001
