[individuals]
1
[dimensions]
3
[landmarks]
40
[rawpoints]
'#1
-2.487767e+000 -7.315614e+000 -7.578609e-001
-3.505004e+000 -6.104205e+000 -8.323080e+000
-1.401058e+000 -8.740750e+000 -1.098112e+000
-2.414264e+000 -5.727743e+000 -1.231635e+000
-2.563939e+000 -5.707440e+000 -1.599561e+000
-2.356130e+000 -8.693059e+000 -3.034141e+000
-2.788889e+000 -8.127942e+000 -2.883796e+000
-1.998503e+000 -8.507144e+000 -1.321873e+000
-2.393857e+000 -7.230170e+000 -1.356749e+000
-2.919873e+000 -8.546842e+000 -1.384943e+000
-1.967618e+000 -7.371484e+000 -9.982357e-001
-3.134330e+000 -6.349956e+000 -5.831270e+000
-3.066704e+000 -6.382699e+000 -5.707091e+000
-3.040487e+000 -6.432531e+000 -5.573319e+000
-3.017624e+000 -6.495542e+000 -5.444580e+000
-2.960937e+000 -6.659803e+000 -5.172182e+000
-2.903265e+000 -6.851500e+000 -4.918536e+000
-2.829923e+000 -7.011645e+000 -4.647669e+000
-2.686826e+000 -7.257783e+000 -4.320507e+000
-2.516824e+000 -7.452339e+000 -3.972179e+000
-2.328152e+000 -7.602509e+000 -3.611697e+000
-3.053417e+000 -6.944109e+000 -7.519444e+000
-2.848042e+000 -7.220170e+000 -7.176464e+000
-2.720571e+000 -7.481628e+000 -6.787319e+000
-2.623309e+000 -7.657609e+000 -6.345038e+000
-2.543209e+000 -7.981911e+000 -5.640710e+000
-2.517918e+000 -8.396198e+000 -4.980869e+000
-2.474796e+000 -8.780843e+000 -4.304219e+000
-2.440718e+000 -8.930899e+000 -3.789924e+000
-2.394921e+000 -9.022620e+000 -3.262975e+000
-2.363408e+000 -9.127761e+000 -2.737504e+000
-2.375178e+000 -9.171416e+000 -2.073332e+000
-2.393689e+000 -8.970678e+000 -1.438868e+000
-2.453966e+000 -8.385356e+000 -1.127577e+000
-3.218812e+000 -6.636050e+000 -7.200147e+000
-3.169563e+000 -6.729140e+000 -6.953572e+000
-3.102680e+000 -6.815666e+000 -6.708780e+000
-3.021875e+000 -6.875224e+000 -6.460161e+000
-3.015405e+000 -6.868356e+000 -6.192209e+000
-3.117650e+000 -6.756763e+000 -5.970902e+000
