[individuals]
1
[dimensions]
3
[landmarks]
40
[rawpoints]
'#1
6.849823e+000 -4.471313e+000 -5.954110e+000
-1.255429e+000 -8.002693e+000 4.347527e-001
6.702318e+000 -6.248525e+000 -7.410979e+000
5.722777e+000 -2.899467e+000 -6.002282e+000
5.497016e+000 -2.770275e+000 -5.778288e+000
5.079749e+000 -7.804114e+000 -5.663759e+000
5.190296e+000 -6.618547e+000 -4.745259e+000
6.796629e+000 -6.095074e+000 -6.845397e+000
6.205335e+000 -4.730014e+000 -5.824732e+000
7.396486e+000 -6.298325e+000 -5.587533e+000
6.501262e+000 -4.610285e+000 -6.558894e+000
1.725907e+000 -6.796924e+000 -2.183740e+000
1.782255e+000 -6.689242e+000 -2.315026e+000
1.891372e+000 -6.622538e+000 -2.440126e+000
2.006772e+000 -6.549585e+000 -2.555754e+000
2.382650e+000 -6.651987e+000 -2.897057e+000
2.768050e+000 -6.654954e+000 -3.243040e+000
3.137856e+000 -6.712776e+000 -3.601007e+000
3.499877e+000 -6.785975e+000 -4.007188e+000
3.829175e+000 -6.730760e+000 -4.442960e+000
4.161098e+000 -6.624994e+000 -4.867274e+000
-3.335362e-002 -8.539248e+000 -1.182887e+000
4.554359e-001 -8.709515e+000 -1.838960e+000
1.036789e+000 -8.726825e+000 -2.438991e+000
1.671185e+000 -8.653612e+000 -2.978026e+000
2.423090e+000 -8.638273e+000 -3.513810e+000
3.190535e+000 -8.753394e+000 -4.014269e+000
3.965363e+000 -8.715281e+000 -4.515124e+000
4.596225e+000 -8.564919e+000 -4.978009e+000
5.189914e+000 -8.289874e+000 -5.432696e+000
5.819802e+000 -8.023428e+000 -5.841478e+000
6.634682e+000 -7.659017e+000 -6.207261e+000
7.204334e+000 -6.907587e+000 -6.411057e+000
7.217864e+000 -5.948825e+000 -6.305354e+000
2.209320e-001 -7.929602e+000 -1.007618e+000
6.108925e-001 -7.869450e+000 -1.309567e+000
9.031957e-001 -8.132420e+000 -1.613298e+000
1.126478e+000 -7.520624e+000 -1.746866e+000
1.428327e+000 -7.384298e+000 -1.993282e+000
1.730176e+000 -7.247972e+000 -2.239698e+000
