[individuals]
1
[dimensions]
3
[landmarks]
17
[rawpoints]
'#1
-3.551721e-001 -5.084342e+000 2.244838e+000
8.082576e-001 -6.447995e+000 2.595748e+000
-1.365177e-001 -3.839361e+000 1.260297e+000
-1.806411e-001 -3.762180e+000 9.136686e-001
-4.460567e-001 -6.606854e+000 1.616151e-001
-7.524772e-001 -6.350544e+000 2.095925e+000
1.920074e-001 -5.186512e+000 1.993968e+000
-5.934845e-001 -6.779154e+000 -3.304065e+000
-4.341942e-001 -6.488472e+000 -3.011310e+000
7.248546e-002 -6.444749e+000 -7.106557e-001
-1.954794e-001 -8.202779e+000 -4.279232e+000
5.045300e-002 -8.177510e+000 -2.800780e+000
-3.044010e-002 -8.218298e+000 -8.845669e-001
-1.290045e-001 -7.805181e+000 9.216114e-001
-4.403493e-001 -6.355109e+000 2.252342e+000
-3.163273e-001 -7.613360e+000 -4.293035e+000
-3.233986e-001 -7.252530e+000 -3.157808e+000