[individuals]
1
[dimensions]
3
[landmarks]
40
[rawpoints]
'#1
-1.578603e+000 -6.562596e+000 -1.148247e+000
-2.119000e-001 -7.202494e+000 -7.526948e+000
-2.711818e-001 -7.744149e+000 -1.062806e+000
-1.082062e+000 -5.335012e+000 -1.518526e+000
-1.064976e+000 -5.260333e+000 -1.573622e+000
-5.746105e-001 -8.116409e+000 -2.677480e+000
-1.037525e+000 -7.587611e+000 -3.284772e+000
-1.015573e+000 -7.612776e+000 -1.442772e+000
-1.190488e+000 -6.578504e+000 -1.668282e+000
-1.616712e+000 -7.598119e+000 -1.785119e+000
-1.166497e+000 -6.600280e+000 -1.138418e+000
-5.218890e-001 -7.136424e+000 -5.790668e+000
-5.173488e-001 -7.052896e+000 -5.636460e+000
-5.309845e-001 -7.010479e+000 -5.466772e+000
-5.285900e-001 -6.982602e+000 -5.293576e+000
-5.286146e-001 -7.060582e+000 -5.013553e+000
-5.051165e-001 -7.130057e+000 -4.732278e+000
-4.841707e-001 -7.170217e+000 -4.445151e+000
-4.311489e-001 -7.216142e+000 -4.072174e+000
-3.602907e-001 -7.222316e+000 -3.699397e+000
-2.895662e-001 -7.257717e+000 -3.328210e+000
1.593504e-002 -7.921299e+000 -6.545331e+000
2.512754e-002 -8.040950e+000 -6.275682e+000
3.008287e-002 -8.146078e+000 -5.999937e+000
5.361443e-002 -8.251183e+000 -5.725136e+000
5.338741e-002 -8.338878e+000 -5.393189e+000
7.738496e-002 -8.426533e+000 -5.062100e+000
7.015248e-002 -8.514758e+000 -4.730374e+000
-1.542930e-001 -8.559066e+000 -4.064641e+000
-4.558821e-001 -8.519894e+000 -3.429765e+000
-7.571030e-001 -8.345415e+000 -2.817909e+000
-9.793100e-001 -8.270543e+000 -2.326857e+000
-1.189770e+000 -8.048740e+000 -1.876721e+000
-1.353172e+000 -7.632545e+000 -1.566574e+000
-1.015606e-001 -7.496330e+000 -6.419769e+000
-1.467987e-001 -7.530276e+000 -6.256798e+000
-1.622071e-001 -7.561836e+000 -6.088045e+000
-1.788709e-001 -7.557639e+000 -5.916571e+000
-2.221140e-001 -7.501265e+000 -5.759590e+000
-3.713316e-001 -7.435262e+000 -5.797884e+000
