[individuals]
1
[dimensions]
3
[landmarks]
40
[rawpoints]
'#1
-1.369383e+000 -7.895569e+000 -5.304572e+000
9999 9999 9999
-2.803535e-001 -5.785686e+000 -5.203481e+000
9999 9999 9999
9999 9999 9999
-9.483871e-001 -5.410067e+000 -2.374898e+000
-1.515163e+000 -6.326159e+000 -1.945934e+000
-9.890305e-001 -6.263218e+000 -4.951388e+000
-1.052868e+000 -7.806687e+000 -4.379418e+000
-2.271713e+000 -6.293025e+000 -4.098160e+000
-7.048290e-001 -7.672254e+000 -5.306934e+000
-8.385555e-001 -7.475041e+000 2.398639e+000
-8.221655e-001 -7.461404e+000 2.193691e+000
-7.730693e-001 -7.435659e+000 1.995235e+000
-7.402681e-001 -7.496787e+000 1.801210e+000
-6.834233e-001 -7.243974e+000 1.324524e+000
-6.651821e-001 -7.077782e+000 8.083428e-001
-6.339615e-001 -6.953677e+000 2.810954e-001
-5.744867e-001 -6.872333e+000 -2.745674e-001
-5.333479e-001 -6.666212e+000 -7.987152e-001
-4.635695e-001 -6.602689e+000 -1.355474e+000
-5.836262e-001 -6.414365e+000 4.534467e+000
-3.621039e-001 -6.077856e+000 3.937412e+000
-2.855663e-001 -5.803016e+000 3.276032e+000
-3.274046e-001 -5.504138e+000 2.622017e+000
-4.984631e-001 -5.581090e+000 1.351758e+000
-8.239125e-001 -5.208159e+000 1.669961e-001
-1.089499e+000 -4.945000e+000 -1.061439e+000
-1.162699e+000 -5.016231e+000 -1.648318e+000
-1.196695e+000 -5.111205e+000 -2.235437e+000
-1.262871e+000 -5.161617e+000 -2.825309e+000
-1.482734e+000 -5.223820e+000 -3.615723e+000
-1.579450e+000 -5.707614e+000 -4.274219e+000
-1.501698e+000 -6.396127e+000 -4.717940e+000
-4.764473e-001 -6.974784e+000 4.200198e+000
-5.664200e-001 -6.899199e+000 3.809303e+000
-6.956181e-001 -6.700076e+000 3.477233e+000
-6.440769e-001 -6.596086e+000 3.085970e+000
-6.498751e-001 -6.711839e+000 2.695010e+000
-8.077660e-001 -6.980193e+000 2.430243e+000
