[individuals]
1
[dimensions]
3
[landmarks]
40
[rawpoints]
'#1
9999 9999 9999
-2.924504e+000 -8.153166e+000 -2.047476e+000
9999 9999 9999
3.471096e+000 -6.321734e+000 4.529937e+000
3.277463e+000 -6.367479e+000 4.457411e+000
4.284574e+000 -6.966105e+000 3.638743e-001
3.486525e+000 -7.611414e+000 1.090557e+000
9999 9999 9999
4.818204e+000 -6.749088e+000 3.520950e+000
5.063765e+000 -8.047340e+000 1.904393e+000
9999 9999 9999
-5.627350e-001 -8.034396e+000 -1.895828e-002
-4.283952e-001 -7.902944e+000 -2.800152e-002
-3.086359e-001 -7.832403e+000 9.883233e-002
-1.661015e-001 -7.752722e+000 1.923347e-001
3.204942e-001 -7.618436e+000 1.255468e-001
8.015111e-001 -7.451482e+000 1.314528e-001
1.237089e+000 -7.303196e+000 3.495148e-001
1.698511e+000 -7.135512e+000 3.924591e-001
2.157710e+000 -7.007868e+000 5.194767e-001
2.525465e+000 -6.821244e+000 7.896248e-001
-1.310994e+000 -7.711629e+000 -2.467105e+000
-7.753800e-001 -7.539700e+000 -2.429098e+000
-2.261944e-001 -7.417531e+000 -2.392253e+000
3.143026e-001 -7.369045e+000 -2.239283e+000
1.247579e+000 -7.348989e+000 -1.871033e+000
2.163837e+000 -7.390559e+000 -1.463873e+000
3.082137e+000 -7.421599e+000 -1.060400e+000
3.594767e+000 -7.454523e+000 -7.179278e-001
4.026896e+000 -7.499685e+000 -2.793184e-001
4.448513e+000 -7.523099e+000 1.710712e-001
4.957704e+000 -7.538644e+000 6.870652e-001
5.437342e+000 -7.553445e+000 1.230612e+000
5.713760e+000 -7.436395e+000 1.890634e+000
-1.174620e+000 -7.836600e+000 -1.463083e+000
-9.368057e-001 -7.821348e+000 -1.411749e+000
-7.155113e-001 -7.822708e+000 -1.309524e+000
-4.877923e-001 -7.838492e+000 -1.224022e+000
-3.392515e-001 -7.793054e+000 -1.036171e+000
-2.312565e-001 -7.694371e+000 -8.411795e-001
