[individuals]
1
[dimensions]
3
[landmarks]
40
[rawpoints]
'#1
3.026963e+000 -5.144372e+000 1.568796e+000
1.293328e+000 -7.013605e+000 -6.109519e+000
3.676143e+000 -6.876040e+000 1.722391e+000
3.506590e+000 -4.074846e+000 2.562855e-001
3.446608e+000 -4.039895e+000 1.301548e-001
2.476844e+000 -7.531703e+000 -2.255434e-001
1.993027e+000 -6.520371e+000 -4.229179e-001
3.087643e+000 -6.450997e+000 1.600566e+000
3.017540e+000 -5.253663e+000 6.366339e-001
2.237036e+000 -6.114912e+000 1.608412e+000
3.530909e+000 -5.500629e+000 1.371930e+000
1.622058e+000 -6.237722e+000 -3.902337e+000
1.703081e+000 -6.366998e+000 -3.700141e+000
1.847451e+000 -6.302985e+000 -3.502113e+000
1.959111e+000 -6.277895e+000 -3.276139e+000
2.038205e+000 -6.389544e+000 -2.896879e+000
2.105782e+000 -6.472384e+000 -2.508137e+000
2.238987e+000 -6.473403e+000 -2.127586e+000
2.390237e+000 -6.493915e+000 -1.734787e+000
2.544304e+000 -6.539082e+000 -1.345161e+000
2.733159e+000 -6.534235e+000 -9.684786e-001
1.536409e+000 -7.686469e+000 -4.892285e+000
1.734218e+000 -7.823769e+000 -4.485524e+000
1.900881e+000 -7.751294e+000 -4.049171e+000
1.854945e+000 -8.053636e+000 -3.688752e+000
1.949492e+000 -8.080473e+000 -2.781545e+000
1.994396e+000 -8.034118e+000 -1.871333e+000
2.045639e+000 -8.040770e+000 -9.603317e-001
2.080439e+000 -7.929567e+000 -4.155222e-001
2.141375e+000 -7.785052e+000 1.190581e-001
2.201299e+000 -7.643680e+000 6.545927e-001
2.264398e+000 -7.375901e+000 1.297283e+000
2.449899e+000 -6.824780e+000 1.685400e+000
2.662147e+000 -6.158844e+000 1.700039e+000
1.539241e+000 -7.052046e+000 -4.757445e+000
1.548609e+000 -7.000524e+000 -4.590736e+000
1.555166e+000 -6.980476e+000 -4.417271e+000
1.566572e+000 -6.963725e+000 -4.243709e+000
1.579105e+000 -6.894034e+000 -4.083957e+000
1.588933e+000 -6.767453e+000 -3.963900e+000
