[individuals]
1
[dimensions]
3
[landmarks]
40
[rawpoints]
'#1
1.031074e+000 -5.466979e+000 4.095734e-001
1.139852e+000 -5.636728e+000 7.335368e+000
4.917370e-002 -6.627783e+000 7.634239e-001
9999 9999 9999
9999 9999 9999
3.883213e-001 -7.053851e+000 2.332997e+000
1.031805e+000 -6.507928e+000 2.413485e+000
5.294930e-001 -6.466509e+000 6.441724e-001
9.166344e-001 -5.321761e+000 1.023562e+000
1.198636e+000 -6.574903e+000 8.905787e-001
5.855759e-001 -5.475735e+000 4.588798e-001
9.245228e-001 -5.795192e+000 5.059825e+000
8.822013e-001 -5.771933e+000 4.910909e+000
8.373264e-001 -5.762958e+000 4.761199e+000
8.016747e-001 -5.718699e+000 4.615329e+000
7.611299e-001 -5.837440e+000 4.342025e+000
7.342786e-001 -5.923014e+000 4.054972e+000
6.945988e-001 -5.944711e+000 3.757666e+000
5.987165e-001 -6.039038e+000 3.452025e+000
4.714801e-001 -6.074252e+000 3.145318e+000
3.236267e-001 -6.120791e+000 2.849550e+000
6.935215e-001 -6.778692e+000 5.968970e+000
5.317387e-001 -6.940835e+000 5.735206e+000
4.808874e-001 -7.035578e+000 5.426094e+000
4.708642e-001 -7.114066e+000 5.108522e+000
5.094489e-001 -7.256663e+000 4.449997e+000
5.960649e-001 -7.397172e+000 3.795591e+000
6.535778e-001 -7.469472e+000 3.127055e+000
6.208578e-001 -7.431817e+000 2.691338e+000
5.540729e-001 -7.318887e+000 2.272861e+000
5.555696e-001 -7.254750e+000 1.839021e+000
6.713973e-001 -7.134271e+000 1.307578e+000
7.801285e-001 -6.839022e+000 8.478253e-001
8.853785e-001 -6.338477e+000 6.270586e-001
7.665709e-001 -6.348824e+000 5.896764e+000
7.841476e-001 -6.315636e+000 5.750711e+000
7.488467e-001 -6.425639e+000 5.529232e+000
7.946355e-001 -6.509748e+000 5.353332e+000
7.823039e-001 -6.362428e+000 5.219105e+000
8.544542e-001 -6.182883e+000 5.166501e+000
