[individuals]
1
[dimensions]
3
[landmarks]
40
[rawpoints]
'#1
-3.569539e-001 -7.396182e+000 -7.763023e-001
-1.253572e-001 -7.234904e+000 6.897763e+000
2.692442e-001 -5.848315e+000 -9.536797e-001
4.114381e-001 -8.583956e+000 -2.777073e-001
4.743538e-001 -8.613912e+000 -1.836145e-001
-3.253013e-001 -5.541498e+000 1.176713e+000
-7.421635e-001 -6.378600e+000 1.505408e+000
-2.019149e-001 -6.219506e+000 -5.627411e-001
-3.308082e-002 -7.344588e+000 -1.862389e-001
-9.824839e-001 -6.550709e+000 -3.217776e-001
2.032197e-001 -7.103083e+000 -8.062622e-001
-2.735882e-001 -7.275120e+000 4.331863e+000
-2.210366e-001 -7.244185e+000 4.161626e+000
-1.909142e-001 -7.183378e+000 3.994012e+000
-1.534271e-001 -7.181275e+000 3.817124e+000
-1.547418e-001 -6.953065e+000 3.558373e+000
-1.531163e-001 -6.818609e+000 3.240653e+000
-1.556454e-001 -6.747939e+000 2.902966e+000
-1.249000e-001 -6.685317e+000 2.554205e+000
-9.419478e-002 -6.583811e+000 2.214695e+000
-2.833215e-002 -6.594972e+000 1.865343e+000
-1.710036e-001 -6.325139e+000 5.733367e+000
-8.441134e-002 -6.127336e+000 5.314762e+000
-7.812232e-002 -5.923360e+000 4.890252e+000
-1.424112e-001 -5.673778e+000 4.496007e+000
-3.108748e-001 -5.431411e+000 3.708039e+000
-5.186869e-001 -5.273389e+000 2.908124e+000
-6.670974e-001 -5.233936e+000 2.080818e+000
-6.654569e-001 -5.284438e+000 1.659518e+000
-6.472307e-001 -5.328819e+000 1.237943e+000
-6.546600e-001 -5.405906e+000 8.207630e-001
-7.138998e-001 -5.579494e+000 2.098029e-001
-6.892756e-001 -5.935884e+000 -3.187145e-001
-5.859523e-001 -6.502203e+000 -5.935135e-001
-2.109632e-001 -6.714107e+000 5.364684e+000
-2.397425e-001 -6.668238e+000 5.170247e+000
-2.626237e-001 -6.580667e+000 4.989843e+000
-2.808903e-001 -6.595524e+000 4.789393e+000
-3.030532e-001 -6.673060e+000 4.604363e+000
-3.285336e-001 -6.836472e+000 4.488669e+000
