[individuals]
1
[dimensions]
3
[landmarks]
40
[rawpoints]
'#1
3.229131e+000 -7.431914e+000 -6.107180e-001
-7.663590e-001 -7.832246e+000 -2.085845e+000
3.197075e+000 -8.094934e+000 -1.272934e+000
9999 9999 9999
9999 9999 9999
2.303614e+000 -8.216581e+000 -1.349712e+000
1.958285e+000 -7.909757e+000 -1.073795e+000
2.984688e+000 -7.924825e+000 -9.777367e-001
2.838099e+000 -7.363068e+000 -8.710424e-001
2.697239e+000 -7.952371e+000 -6.299262e-001
3.201458e+000 -7.415965e+000 -9.914859e-001
8.633696e-001 -7.651315e+000 -1.527367e+000
8.851158e-001 -7.743482e+000 -1.610635e+000
1.004127e+000 -7.737331e+000 -1.649325e+000
1.037917e+000 -7.639205e+000 -1.577643e+000
1.222260e+000 -7.707113e+000 -1.570262e+000
1.414813e+000 -7.742245e+000 -1.551837e+000
1.611102e+000 -7.733817e+000 -1.544885e+000
1.770936e+000 -7.734193e+000 -1.544150e+000
1.929595e+000 -7.750838e+000 -1.534252e+000
2.087790e+000 -7.771007e+000 -1.523538e+000
1.315475e-001 -8.229887e+000 -2.019440e+000
4.510608e-001 -8.331238e+000 -2.007450e+000
7.745844e-001 -8.414812e+000 -1.978283e+000
1.094076e+000 -8.501503e+000 -1.924307e+000
1.284510e+000 -8.520413e+000 -1.863067e+000
1.464562e+000 -8.515148e+000 -1.774041e+000
1.641170e+000 -8.507633e+000 -1.678508e+000
1.878031e+000 -8.479025e+000 -1.517358e+000
2.087684e+000 -8.392635e+000 -1.339961e+000
2.305815e+000 -8.310710e+000 -1.170837e+000
2.521346e+000 -8.245758e+000 -1.007559e+000
2.734542e+000 -8.129032e+000 -8.724278e-001
2.898837e+000 -7.922204e+000 -7.854600e-001
1.219366e-001 -7.968566e+000 -1.941250e+000
2.911087e-001 -7.987856e+000 -1.916651e+000
4.586398e-001 -8.009142e+000 -1.883896e+000
6.227859e-001 -8.030004e+000 -1.836826e+000
7.765133e-001 -8.030574e+000 -1.759615e+000
8.423036e-001 -7.949327e+000 -1.622999e+000
