[individuals]
1
[dimensions]
3
[landmarks]
40
[rawpoints]
'#1
2.204627e+000 2.088145e+001 -8.926599e+001
2.268680e-001 1.789742e+001 -8.167035e+001
8.337095e-001 1.965369e+001 -8.982466e+001
1.836959e+000 2.228056e+001 -8.796304e+001
1.783329e+000 2.228765e+001 -8.760629e+001
7.824570e-001 1.849531e+001 -8.803349e+001
1.605360e+000 1.908451e+001 -8.746758e+001
1.434535e+000 1.968189e+001 -8.938136e+001
1.759523e+000 2.089979e+001 -8.853128e+001
2.193117e+000 1.924349e+001 -8.892911e+001
1.736105e+000 2.098379e+001 -8.921961e+001
9.063266e-001 1.901536e+001 -8.441655e+001
8.950967e-001 1.908599e+001 -8.448916e+001
9.187913e-001 1.913124e+001 -8.457735e+001
9.215724e-001 1.914742e+001 -8.467792e+001
9.344136e-001 1.918922e+001 -8.497368e+001
9.496050e-001 1.922883e+001 -8.526965e+001
9.529480e-001 1.925910e+001 -8.556707e+001
9.207616e-001 1.927694e+001 -8.598521e+001
8.965405e-001 1.925798e+001 -8.640455e+001
8.688599e-001 1.936471e+001 -8.680893e+001
1.948248e-001 1.773112e+001 -8.304014e+001
1.697131e-001 1.771210e+001 -8.372594e+001
2.018626e-001 1.777484e+001 -8.440889e+001
2.625416e-001 1.781837e+001 -8.509137e+001
3.420066e-001 1.778970e+001 -8.563759e+001
4.516470e-001 1.771182e+001 -8.617369e+001
5.853212e-001 1.766310e+001 -8.670777e+001
7.886432e-001 1.779099e+001 -8.737228e+001
1.013054e+000 1.801425e+001 -8.800401e+001
1.258603e+000 1.832891e+001 -8.858709e+001
1.471159e+000 1.857235e+001 -8.897392e+001
1.675663e+000 1.892639e+001 -8.926877e+001
1.791692e+000 1.941585e+001 -8.930099e+001
3.855461e-001 1.810609e+001 -8.264146e+001
4.447587e-001 1.817653e+001 -8.304886e+001
5.091715e-001 1.829228e+001 -8.344496e+001
5.433279e-001 1.835110e+001 -8.385705e+001
6.069503e-001 1.847632e+001 -8.425039e+001
7.280447e-001 1.872195e+001 -8.456573e+001
