[individuals]
1
[dimensions]
3
[landmarks]
40
[rawpoints]
'#1
9.606425e-001 -5.739914e+000 -3.251451e+000
1.422544e+000 -7.906550e+000 -1.152871e+001
2.076629e+000 -7.277289e+000 -3.247302e+000
1.373453e+000 -4.420346e+000 -4.686953e+000
1.333691e+000 -4.506063e+000 -4.833258e+000
1.892111e+000 -7.695210e+000 -4.560908e+000
1.085321e+000 -7.248116e+000 -5.469332e+000
1.458210e+000 -7.166159e+000 -3.343261e+000
1.286203e+000 -5.990710e+000 -4.201749e+000
6.992295e-001 -7.204114e+000 -3.786267e+000
1.510112e+000 -5.884692e+000 -3.316991e+000
1.386259e+000 -7.327228e+000 -8.439360e+000
1.368073e+000 -7.251851e+000 -8.426793e+000
1.359991e+000 -7.185324e+000 -8.361573e+000
1.363824e+000 -7.154475e+000 -8.279841e+000
1.405888e+000 -7.183129e+000 -8.040601e+000
1.457162e+000 -7.248519e+000 -7.805133e+000
1.502692e+000 -7.281665e+000 -7.566220e+000
1.532041e+000 -7.260375e+000 -7.356561e+000
1.554548e+000 -7.207013e+000 -7.150542e+000
1.568969e+000 -7.121966e+000 -6.956407e+000
1.518508e+000 -8.397690e+000 -1.010662e+001
1.640695e+000 -8.573604e+000 -9.494670e+000
1.735776e+000 -8.605251e+000 -8.854094e+000
1.787134e+000 -8.629796e+000 -8.208270e+000
1.769381e+000 -8.576372e+000 -7.580383e+000
1.715898e+000 -8.659501e+000 -6.957748e+000
1.661659e+000 -8.661581e+000 -6.329669e+000
1.596072e+000 -8.483739e+000 -5.732489e+000
1.549013e+000 -8.316702e+000 -5.130442e+000
1.461489e+000 -8.159711e+000 -4.530254e+000
1.330501e+000 -7.987059e+000 -4.023900e+000
1.186849e+000 -7.676809e+000 -3.592082e+000
1.052795e+000 -7.202876e+000 -3.345577e+000
1.413257e+000 -7.940793e+000 -1.002858e+001
1.442869e+000 -7.899067e+000 -9.679340e+000
1.483706e+000 -7.883813e+000 -9.329096e+000
1.535715e+000 -7.855063e+000 -8.981176e+000
1.536879e+000 -7.752944e+000 -8.643316e+000
1.426164e+000 -7.535748e+000 -8.388089e+000
