[individuals]
1
[dimensions]
3
[landmarks]
40
[rawpoints]
'#1
2.837286e+000 2.472385e+001 4.578973e+000
-3.049496e+000 2.473067e+001 2.070280e+001
1.698498e-001 2.712734e+001 3.859585e+000
5.049158e+000 2.527144e+001 6.571380e+000
4.693124e+000 2.509230e+001 7.402059e+000
-2.328857e+000 2.639896e+001 7.131549e+000
-1.437573e+000 2.491386e+001 8.284559e+000
2.141571e-001 2.631158e+001 4.322191e+000
2.276649e+000 2.551818e+001 5.650916e+000
-5.880659e-001 2.463468e+001 5.091877e+000
2.602685e+000 2.613046e+001 4.565839e+000
-1.088159e+000 2.530430e+001 1.380914e+001
-1.083645e+000 2.526994e+001 1.363944e+001
-9.553032e-001 2.521211e+001 1.353854e+001
-8.235243e-001 2.525924e+001 1.343647e+001
-7.590039e-001 2.531186e+001 1.285200e+001
-7.670442e-001 2.539324e+001 1.226732e+001
-7.689369e-001 2.547040e+001 1.168201e+001
-9.258257e-001 2.579381e+001 1.088075e+001
-1.081036e+000 2.582171e+001 9.981107e+000
-1.041959e+000 2.595778e+001 9.152600e+000
-3.526845e+000 2.553846e+001 1.850132e+001
-3.637494e+000 2.601361e+001 1.687839e+001
-3.553870e+000 2.631042e+001 1.521200e+001
-3.502510e+000 2.650431e+001 1.352924e+001
-3.615313e+000 2.650525e+001 1.227028e+001
-3.786672e+000 2.638038e+001 1.102419e+001
-3.789567e+000 2.622532e+001 9.769746e+000
-3.539772e+000 2.603596e+001 8.314488e+000
-2.934655e+000 2.585487e+001 6.966494e+000
-2.237591e+000 2.565305e+001 5.666723e+000
-1.745233e+000 2.551928e+001 4.973433e+000
-1.009167e+000 2.545120e+001 4.532453e+000
-1.583031e-001 2.542094e+001 4.405826e+000
-2.781798e+000 2.486613e+001 1.814436e+001
-2.569966e+000 2.502362e+001 1.724757e+001
-2.358133e+000 2.518111e+001 1.635078e+001
-2.146300e+000 2.533860e+001 1.545398e+001
-1.934468e+000 2.549609e+001 1.455719e+001
-1.722635e+000 2.565358e+001 1.366040e+001
