[individuals]
1
[dimensions]
3
[landmarks]
40
[rawpoints]
'#1
3.516287e+000 2.139607e+001 -4.374033e+001
3.154529e-001 1.826416e+001 -3.211847e+001
2.436024e+000 1.920589e+001 -4.398840e+001
2.519043e+000 2.326814e+001 -4.265173e+001
2.447290e+000 2.329506e+001 -4.219486e+001
2.091745e+000 1.804355e+001 -4.082692e+001
2.965258e+000 1.927050e+001 -4.054485e+001
3.011900e+000 1.955745e+001 -4.352814e+001
2.784483e+000 2.137037e+001 -4.257282e+001
3.896277e+000 1.972290e+001 -4.307676e+001
2.706618e+000 2.110961e+001 -4.371394e+001
1.359323e+000 1.961305e+001 -3.624378e+001
1.381186e+000 1.963886e+001 -3.643643e+001
1.414011e+000 1.968734e+001 -3.662305e+001
1.464045e+000 1.972631e+001 -3.680809e+001
1.588986e+000 1.974100e+001 -3.733231e+001
1.729449e+000 1.977479e+001 -3.785172e+001
1.807758e+000 1.972432e+001 -3.838272e+001
1.834143e+000 1.964001e+001 -3.891957e+001
1.841673e+000 1.953159e+001 -3.945270e+001
1.827616e+000 1.946274e+001 -3.999221e+001
4.713224e-001 1.773534e+001 -3.378087e+001
4.457738e-001 1.741830e+001 -3.485822e+001
6.386247e-001 1.740795e+001 -3.596483e+001
9.330243e-001 1.749924e+001 -3.704505e+001
1.243098e+000 1.747480e+001 -3.783430e+001
1.620651e+000 1.736969e+001 -3.858667e+001
1.982541e+000 1.735148e+001 -3.935372e+001
2.415916e+000 1.753147e+001 -4.058162e+001
2.810697e+000 1.781593e+001 -4.180273e+001
3.254980e+000 1.819148e+001 -4.298149e+001
3.381308e+000 1.857903e+001 -4.328989e+001
3.453446e+000 1.907404e+001 -4.339483e+001
3.553991e+000 1.957515e+001 -4.340134e+001
8.027688e-001 1.844977e+001 -3.418353e+001
8.858186e-001 1.841976e+001 -3.464538e+001
9.682185e-001 1.842854e+001 -3.510821e+001
1.048774e+000 1.847768e+001 -3.556886e+001
1.131944e+000 1.860294e+001 -3.601437e+001
1.288173e+000 1.891695e+001 -3.632754e+001
