[individuals]
1
[dimensions]
3
[landmarks]
40
[rawpoints]
'#1
-1.477394e+000 -1.093700e+001 -1.636126e+000
1.428071e+000 9.739075e-001 -3.268949e+000
-3.573301e-001 -1.097171e+001 -3.927824e+000
-1.529694e-002 -9.435448e+000 3.179472e-001
-3.693848e-002 -9.201760e+000 3.084143e-001
-1.599655e-001 -7.657718e+000 -4.783654e+000
-1.061744e+000 -7.593915e+000 -3.862368e+000
-9.199192e-001 -1.070712e+001 -3.760273e+000
-7.907036e-001 -9.784212e+000 -1.853202e+000
-2.055339e+000 -9.944262e+000 -3.783099e+000
-6.004171e-001 -1.092033e+001 -2.029851e+000
6.171929e-001 -3.104870e+000 -2.623241e+000
5.609795e-001 -3.246112e+000 -2.417687e+000
4.733690e-001 -3.485512e+000 -2.437075e+000
4.575481e-001 -3.730637e+000 -2.366163e+000
4.368212e-001 -4.196234e+000 -2.557521e+000
3.906923e-001 -4.697604e+000 -2.575738e+000
3.790039e-001 -5.165056e+000 -2.763336e+000
4.082074e-001 -5.709124e+000 -3.188330e+000
3.043028e-001 -6.378438e+000 -3.345411e+000
2.070915e-001 -7.053998e+000 -3.422526e+000
1.215039e+000 -4.796808e-001 -4.016727e+000
1.230550e+000 -1.461708e+000 -4.332335e+000
1.141300e+000 -2.459193e+000 -4.579820e+000
9.279919e-001 -3.461810e+000 -4.695859e+000
5.990222e-001 -4.329903e+000 -4.938223e+000
1.704336e-001 -5.154817e+000 -5.175849e+000
-2.323962e-001 -6.015133e+000 -5.310636e+000
-5.611032e-001 -6.885507e+000 -5.386843e+000
-8.370134e-001 -7.775126e+000 -5.324391e+000
-1.140690e+000 -8.649919e+000 -5.206564e+000
-1.428431e+000 -9.482269e+000 -4.979997e+000
-1.553474e+000 -1.018807e+001 -4.420358e+000
-1.547911e+000 -1.056550e+001 -3.593051e+000
9.997406e-001 -1.243692e+000 -3.253247e+000
9.769002e-001 -1.683208e+000 -3.268061e+000
9.488117e-001 -2.121899e+000 -3.294080e+000
8.927539e-001 -2.558627e+000 -3.289445e+000
7.947454e-001 -2.987035e+000 -3.261538e+000
6.218615e-001 -3.226466e+000 -2.934915e+000
