[individuals]
1
[dimensions]
3
[landmarks]
40
[rawpoints]
'#1
2.214568e+000 2.016289e+001 -7.598318e+001
-4.416861e-001 1.799656e+001 -6.709932e+001
1.252785e+000 1.817960e+001 -7.657838e+001
1.525442e+000 2.153917e+001 -7.478951e+001
1.500213e+000 2.142449e+001 -7.446773e+001
1.252113e+000 1.774672e+001 -7.440813e+001
1.607083e+000 1.842982e+001 -7.368233e+001
1.762233e+000 1.850848e+001 -7.615785e+001
1.613051e+000 1.988960e+001 -7.528981e+001
2.571559e+000 1.866822e+001 -7.547911e+001
1.634955e+000 1.998230e+001 -7.618584e+001
2.713309e-001 1.859886e+001 -7.038123e+001
2.762481e-001 1.862241e+001 -7.045499e+001
2.954409e-001 1.868137e+001 -7.050163e+001
3.139951e-001 1.874290e+001 -7.054510e+001
3.950414e-001 1.875838e+001 -7.086299e+001
4.727655e-001 1.874133e+001 -7.118163e+001
5.404140e-001 1.874060e+001 -7.150302e+001
6.045489e-001 1.871789e+001 -7.196701e+001
6.513530e-001 1.862148e+001 -7.242356e+001
6.845304e-001 1.861769e+001 -7.289131e+001
-3.999218e-001 1.748855e+001 -6.878648e+001
-2.983213e-001 1.730325e+001 -6.956920e+001
-1.516038e-001 1.722311e+001 -7.036252e+001
3.629990e-002 1.715287e+001 -7.114806e+001
2.262912e-001 1.714606e+001 -7.170650e+001
4.275011e-001 1.706893e+001 -7.225567e+001
6.427730e-001 1.701240e+001 -7.280201e+001
9.348095e-001 1.715860e+001 -7.355247e+001
1.251158e+000 1.730212e+001 -7.429356e+001
1.576419e+000 1.755674e+001 -7.500011e+001
1.775260e+000 1.772376e+001 -7.536507e+001
2.000011e+000 1.793593e+001 -7.568927e+001
2.171309e+000 1.830678e+001 -7.587300e+001
-1.590057e-001 1.801854e+001 -6.878175e+001
-8.939923e-002 1.807118e+001 -6.912550e+001
-2.017457e-002 1.809651e+001 -6.947238e+001
4.305644e-002 1.806781e+001 -6.982018e+001
1.167097e-001 1.808198e+001 -7.016679e+001
1.860722e-001 1.819835e+001 -7.049455e+001
