[individuals]
1
[dimensions]
3
[landmarks]
40
[rawpoints]
'#1
3.885384e-001 1.782427e+001 -6.919447e+001
-1.135744e+000 1.709520e+001 -5.676939e+001
2.488469e+000 1.667183e+001 -6.854211e+001
-1.805901e+000 1.693312e+001 -6.905415e+001
-2.087247e+000 1.688323e+001 -6.850608e+001
2.283926e+000 1.733601e+001 -6.544798e+001
8.995600e-001 1.784066e+001 -6.538466e+001
1.987661e+000 1.728934e+001 -6.820772e+001
1.574332e-001 1.736071e+001 -6.809532e+001
1.681487e+000 1.883735e+001 -6.767515e+001
5.997579e-001 1.715810e+001 -6.898567e+001
-8.176216e-001 1.714283e+001 -6.123116e+001
-8.915140e-001 1.712950e+001 -6.137497e+001
-8.634592e-001 1.712969e+001 -6.157296e+001
-8.021272e-001 1.713475e+001 -6.176515e+001
-6.368474e-001 1.716195e+001 -6.219921e+001
-4.830430e-001 1.722388e+001 -6.263392e+001
-2.338333e-001 1.719164e+001 -6.302550e+001
1.259610e-001 1.711901e+001 -6.357720e+001
4.423582e-001 1.704646e+001 -6.415488e+001
7.207768e-001 1.691463e+001 -6.474154e+001
2.973517e-001 1.689432e+001 -5.835418e+001
7.501891e-001 1.679687e+001 -5.919775e+001
1.125301e+000 1.676496e+001 -6.008344e+001
1.400676e+000 1.678548e+001 -6.100534e+001
1.748318e+000 1.689444e+001 -6.192950e+001
2.132606e+000 1.706857e+001 -6.282887e+001
2.471128e+000 1.726942e+001 -6.374094e+001
2.718749e+000 1.759392e+001 -6.494390e+001
2.862537e+000 1.796726e+001 -6.614960e+001
2.747432e+000 1.822808e+001 -6.738754e+001
2.526772e+000 1.818679e+001 -6.770310e+001
2.230009e+000 1.813084e+001 -6.794553e+001
1.918804e+000 1.808416e+001 -6.817125e+001
-4.248261e-001 1.724164e+001 -5.885480e+001
-2.938594e-001 1.719786e+001 -5.927170e+001
-1.399272e-001 1.712120e+001 -5.967578e+001
-9.113322e-002 1.707973e+001 -6.011025e+001
-5.537165e-002 1.702439e+001 -6.054443e+001
-1.672262e-001 1.708394e+001 -6.096491e+001
