[individuals]
1
[dimensions]
3
[landmarks]
40
[rawpoints]
'#1
-2.240904e+000 -9.473478e+000 -4.009391e+000
1.419693e+000 4.822773e+000 -5.176288e+000
4.132820e-001 -9.421152e+000 -6.642068e+000
-1.483999e+000 -8.454864e+000 -1.198666e+000
-1.431888e+000 -7.985322e+000 -1.079204e+000
1.526035e-001 -6.163541e+000 -7.487283e+000
-1.108210e+000 -5.215705e+000 -6.208312e+000
-7.645653e-001 -9.358784e+000 -6.134680e+000
-1.430090e+000 -8.265669e+000 -3.884544e+000
-2.409997e+000 -8.298449e+000 -6.619481e+000
-1.098650e+000 -9.646150e+000 -4.138077e+000
4.046974e-001 3.852065e-001 -4.859571e+000
3.788899e-001 2.950499e-001 -4.781077e+000
3.387365e-001 1.915926e-001 -4.729702e+000
3.201040e-001 7.219829e-002 -4.710906e+000
2.188503e-001 -5.427929e-001 -4.619138e+000
1.427036e-001 -1.167614e+000 -4.645649e+000
1.610891e-001 -1.776909e+000 -4.804783e+000
2.349012e-001 -2.535710e+000 -5.111081e+000
3.067336e-001 -3.284173e+000 -5.429105e+000
1.789688e-001 -4.072995e+000 -5.637540e+000
1.500763e+000 2.861400e+000 -6.365308e+000
1.583814e+000 1.956494e+000 -6.658170e+000
1.555247e+000 1.023370e+000 -6.858099e+000
1.457756e+000 9.211178e-002 -7.044618e+000
1.253673e+000 -9.932271e-001 -7.444203e+000
9.752564e-001 -2.041930e+000 -7.893656e+000
6.219987e-001 -3.094131e+000 -8.277551e+000
1.904310e-001 -4.358523e+000 -8.348461e+000
-2.984709e-001 -5.602407e+000 -8.289534e+000
-8.202011e-001 -6.829698e+000 -8.182323e+000
-1.247752e+000 -7.908598e+000 -7.909520e+000
-1.544912e+000 -8.772963e+000 -7.144052e+000
-1.681376e+000 -9.113677e+000 -6.009780e+000
1.006482e+000 2.763628e+000 -5.628932e+000
9.753684e-001 2.166373e+000 -5.616140e+000
1.013587e+000 1.570919e+000 -5.658733e+000
1.038738e+000 9.732062e-001 -5.658392e+000
9.108003e-001 3.951777e-001 -5.572435e+000
5.770792e-001 -2.490673e-002 -5.307867e+000
