[individuals]
1
[dimensions]
3
[landmarks]
40
[rawpoints]
'#1
6.459143e+000 -5.305249e+000 -1.776338e+000
-2.435019e+000 -5.567263e+000 1.199061e+000
6.196675e+000 -6.828888e+000 -2.495511e+000
5.269941e+000 -3.961569e+000 -1.746968e+000
5.251348e+000 -3.945843e+000 -1.738768e+000
4.529555e+000 -7.246616e+000 -1.476921e+000
4.289669e+000 -6.357821e+000 -8.121185e-001
6.190716e+000 -6.610435e+000 -2.014257e+000
5.658036e+000 -5.287732e+000 -1.733440e+000
6.144804e+000 -6.557687e+000 -7.951477e-001
6.376509e+000 -5.488317e+000 -2.209864e+000
9.078544e-001 -5.803156e+000 9.926639e-002
1.052606e+000 -5.790175e+000 -3.617209e-003
1.034000e+000 -5.914276e+000 -1.389443e-001
1.157415e+000 -5.782651e+000 -1.423412e-001
1.486648e+000 -5.977245e+000 -2.934987e-001
1.868289e+000 -6.048351e+000 -4.290861e-001
2.235494e+000 -6.052897e+000 -6.141376e-001
2.630572e+000 -6.221196e+000 -8.037650e-001
3.023891e+000 -6.280670e+000 -1.053072e+000
3.401157e+000 -6.268823e+000 -1.332191e+000
-8.620342e-001 -7.163240e+000 2.235413e-001
-3.960903e-001 -7.384073e+000 -3.243824e-002
1.042833e-001 -7.572108e+000 -2.461322e-001
6.136025e-001 -7.768447e+000 -4.290043e-001
1.619809e+000 -7.853146e+000 -6.341972e-001
2.628601e+000 -7.997770e+000 -7.866776e-001
3.642560e+000 -7.921212e+000 -9.535057e-001
4.028324e+000 -7.784603e+000 -1.050645e+000
4.419520e+000 -7.657607e+000 -1.138685e+000
4.818373e+000 -7.555678e+000 -1.224876e+000
5.504144e+000 -7.433548e+000 -1.384250e+000
6.100092e+000 -7.061325e+000 -1.514131e+000
6.363834e+000 -6.397216e+000 -1.517558e+000
-5.288670e-001 -6.448508e+000 4.190678e-001
-3.011159e-001 -6.480306e+000 2.412436e-001
3.363061e-003 -6.357821e+000 2.992952e-001
2.694781e-001 -6.312479e+000 2.394089e-001
5.355932e-001 -6.267136e+000 1.795225e-001
8.017082e-001 -6.221793e+000 1.196362e-001
