[individuals]
1
[dimensions]
3
[landmarks]
40
[rawpoints]
'#1
7.786106e-001 -4.473604e+000 -7.220277e+000
5.923899e-001 -7.719653e+000 7.173569e-001
-3.030930e-001 -6.080403e+000 -7.632403e+000
7.392328e-001 -3.501186e+000 -6.305911e+000
7.304977e-001 -3.443858e+000 -6.073057e+000
1.262985e-001 -7.348744e+000 -5.548873e+000
7.889007e-001 -6.474991e+000 -5.415341e+000
4.097004e-001 -6.028388e+000 -7.413336e+000
4.475718e-001 -4.800169e+000 -6.484816e+000
1.266477e+000 -6.249347e+000 -7.080195e+000
1.985624e-001 -4.615570e+000 -7.218721e+000
7.228909e-001 -6.772854e+000 -1.486904e+000
7.263653e-001 -6.721295e+000 -1.473925e+000
6.972879e-001 -6.646216e+000 -1.549605e+000
7.003136e-001 -6.592728e+000 -1.611540e+000
6.368197e-001 -6.455114e+000 -1.976671e+000
5.584494e-001 -6.356842e+000 -2.351521e+000
4.753172e-001 -6.310758e+000 -2.735266e+000
3.851504e-001 -6.321911e+000 -3.184499e+000
3.059613e-001 -6.371825e+000 -3.633334e+000
2.540374e-001 -6.365317e+000 -4.088544e+000
2.116430e-001 -7.972954e+000 -6.786872e-001
4.390920e-002 -8.005523e+000 -1.086425e+000
-1.738653e-002 -8.033958e+000 -1.523316e+000
-2.385416e-002 -7.993876e+000 -1.963554e+000
1.277182e-002 -8.042672e+000 -2.748612e+000
9.979835e-002 -8.109953e+000 -3.528317e+000
1.951073e-001 -8.099652e+000 -4.309875e+000
2.430141e-001 -7.927854e+000 -5.017570e+000
2.977384e-001 -7.657208e+000 -5.693127e+000
3.998697e-001 -7.386634e+000 -6.363214e+000
5.230499e-001 -7.156186e+000 -6.838477e+000
6.872197e-001 -6.774226e+000 -7.186771e+000
8.489466e-001 -6.268195e+000 -7.295962e+000
3.981487e-001 -7.505880e+000 -5.627714e-001
3.958011e-001 -7.451703e+000 -8.174340e-001
3.751670e-001 -7.397307e+000 -1.071224e+000
3.371501e-001 -7.324993e+000 -1.318447e+000
4.253820e-001 -7.179623e+000 -1.524096e+000
4.321903e-001 -7.098058e+000 -1.764427e+000
