[individuals]
1
[dimensions]
3
[landmarks]
40
[rawpoints]
'#1
2.298856e+000 -4.023885e+000 -6.848019e+000
1.591287e+000 -6.370736e+000 -3.389107e-001
1.705863e+000 -5.360555e+000 -7.283526e+000
2.116647e+000 -3.059672e+000 -6.055319e+000
2.062065e+000 -3.107228e+000 -5.836658e+000
1.758594e+000 -6.231173e+000 -5.342807e+000
2.070206e+000 -5.507369e+000 -5.406270e+000
2.101655e+000 -5.382367e+000 -7.085373e+000
2.084300e+000 -4.243282e+000 -6.244439e+000
2.611842e+000 -5.421663e+000 -6.596178e+000
1.886665e+000 -4.077328e+000 -6.831145e+000
1.840651e+000 -5.426664e+000 -2.390841e+000
1.820491e+000 -5.395531e+000 -2.451942e+000
1.812389e+000 -5.348742e+000 -2.505371e+000
1.809994e+000 -5.305978e+000 -2.562598e+000
1.818606e+000 -5.252752e+000 -2.802398e+000
1.837441e+000 -5.217816e+000 -3.044958e+000
1.835974e+000 -5.227149e+000 -3.290562e+000
1.792383e+000 -5.302056e+000 -3.638863e+000
1.784157e+000 -5.292516e+000 -3.997583e+000
1.747128e+000 -5.341705e+000 -4.351182e+000
1.496235e+000 -6.628365e+000 -1.249090e+000
1.444691e+000 -6.694134e+000 -1.758781e+000
1.434490e+000 -6.701601e+000 -2.275124e+000
1.448744e+000 -6.700372e+000 -2.791420e+000
1.497437e+000 -6.704261e+000 -3.424553e+000
1.584693e+000 -6.723439e+000 -4.053256e+000
1.691908e+000 -6.703593e+000 -4.678841e+000
1.834056e+000 -6.548429e+000 -5.264805e+000
1.984125e+000 -6.277115e+000 -5.804750e+000
2.161961e+000 -6.051548e+000 -6.357158e+000
2.262533e+000 -5.910871e+000 -6.632674e+000
2.348169e+000 -5.700697e+000 -6.865701e+000
2.341426e+000 -5.383296e+000 -6.936536e+000
1.688415e+000 -6.221577e+000 -1.397240e+000
1.687169e+000 -6.173462e+000 -1.668496e+000
1.661721e+000 -6.163928e+000 -1.942645e+000
1.629402e+000 -6.094920e+000 -2.207387e+000
1.627693e+000 -5.993255e+000 -2.463426e+000
1.710399e+000 -5.837887e+000 -2.675349e+000
