[individuals]
1
[dimensions]
3
[landmarks]
40
[rawpoints]
'#1
2.028003e+000 -7.398659e+000 -7.973859e+000
6.570578e-001 -4.160470e+000 -5.232910e-001
1.080250e+000 -5.847777e+000 -8.558058e+000
3.337466e+000 -7.182764e+000 -6.658282e+000
3.272552e+000 -7.121941e+000 -6.518242e+000
2.062069e-001 -5.485508e+000 -6.583459e+000
5.069004e-001 -6.348020e+000 -6.062739e+000
9.936086e-001 -6.518361e+000 -8.071528e+000
2.096671e+000 -6.953667e+000 -7.249440e+000
6.500481e-001 -7.229112e+000 -7.617380e+000
2.125746e+000 -6.866115e+000 -7.838112e+000
1.125066e+000 -5.201861e+000 -3.589430e+000
1.160162e+000 -5.264887e+000 -3.651838e+000
1.178657e+000 -5.320976e+000 -3.726743e+000
1.175739e+000 -5.355608e+000 -3.815573e+000
1.172503e+000 -5.405593e+000 -3.954545e+000
1.163644e+000 -5.450172e+000 -4.095099e+000
1.150282e+000 -5.466246e+000 -4.241333e+000
1.090982e+000 -5.452292e+000 -4.738236e+000
1.059532e+000 -5.461249e+000 -5.237776e+000
1.071436e+000 -5.469094e+000 -5.738207e+000
2.016586e-001 -4.071829e+000 -1.756577e+000
1.182232e-001 -4.047020e+000 -2.387212e+000
-9.414979e-003 -4.062495e+000 -3.010726e+000
-4.767055e-002 -4.251588e+000 -3.617416e+000
-1.061620e-001 -4.536813e+000 -4.251401e+000
-2.837907e-001 -4.816012e+000 -4.865576e+000
-3.627213e-001 -5.139096e+000 -5.478847e+000
-3.308453e-001 -5.355049e+000 -5.914975e+000
-2.491262e-001 -5.572276e+000 -6.343918e+000
-1.691189e-001 -5.822770e+000 -6.754663e+000
5.351112e-004 -6.211064e+000 -7.249496e+000
2.504551e-001 -6.607861e+000 -7.701724e+000
7.879995e-001 -6.911866e+000 -7.909103e+000
6.409969e-001 -4.475722e+000 -1.801638e+000
6.724769e-001 -4.577628e+000 -2.151993e+000
6.594837e-001 -4.638372e+000 -2.512915e+000
7.075912e-001 -4.766869e+000 -2.852474e+000
7.999800e-001 -4.934634e+000 -3.164610e+000
8.892964e-001 -5.087127e+000 -3.485390e+000
