[individuals]
1
[dimensions]
3
[landmarks]
40
[rawpoints]
'#1
-3.192813e-001 1.816009e+001 -6.207862e+001
-1.772113e+000 1.753102e+001 -7.033565e+001
-1.952694e+000 1.740091e+001 -6.196990e+001
8.819349e-001 1.746397e+001 -6.292738e+001
1.022340e+000 1.737870e+001 -6.315755e+001
-2.302513e+000 1.785842e+001 -6.382411e+001
-1.499936e+000 1.825834e+001 -6.414397e+001
-1.528136e+000 1.789224e+001 -6.216848e+001
-3.370367e-001 1.787395e+001 -6.281374e+001
-1.516068e+000 1.873366e+001 -6.265743e+001
-4.216380e-001 1.773436e+001 -6.211510e+001
-9.103115e-001 1.763195e+001 -6.759998e+001
-8.507495e-001 1.757644e+001 -6.750763e+001
-9.005507e-001 1.756830e+001 -6.734699e+001
-8.603081e-001 1.755133e+001 -6.720795e+001
-9.142011e-001 1.756116e+001 -6.686721e+001
-9.692108e-001 1.759209e+001 -6.652792e+001
-1.055491e+000 1.759084e+001 -6.619377e+001
-1.203659e+000 1.756408e+001 -6.576488e+001
-1.239981e+000 1.753699e+001 -6.531264e+001
-1.189927e+000 1.743603e+001 -6.487228e+001
-2.243610e+000 1.744370e+001 -6.896869e+001
-2.431707e+000 1.738753e+001 -6.842915e+001
-2.537214e+000 1.738662e+001 -6.786478e+001
-2.580340e+000 1.743431e+001 -6.729425e+001
-2.604882e+000 1.755113e+001 -6.669434e+001
-2.633892e+000 1.771323e+001 -6.610523e+001
-2.650324e+000 1.786590e+001 -6.551313e+001
-2.609656e+000 1.799731e+001 -6.481286e+001
-2.496999e+000 1.811460e+001 -6.411798e+001
-2.427470e+000 1.822649e+001 -6.341659e+001
-2.325507e+000 1.830348e+001 -6.292406e+001
-2.029750e+000 1.835308e+001 -6.251297e+001
-1.573203e+000 1.831599e+001 -6.229140e+001
-1.743380e+000 1.762857e+001 -6.884442e+001
-1.726424e+000 1.759851e+001 -6.857002e+001
-1.711967e+000 1.756393e+001 -6.829602e+001
-1.689413e+000 1.752576e+001 -6.802304e+001
-1.619845e+000 1.751272e+001 -6.775570e+001
-1.447450e+000 1.757611e+001 -6.754896e+001
