[individuals]
1
[dimensions]
3
[landmarks]
40
[rawpoints]
'#1
-1.114967e+000 -5.962386e+000 -6.380136e+000
6.077537e+000 -8.312835e+000 -6.610481e+000
-1.471726e+000 -7.208601e+000 -4.919846e+000
-1.853267e-002 -4.782252e+000 -6.611874e+000
7.759531e-002 -4.823959e+000 -6.605338e+000
5.261985e-001 -8.082525e+000 -5.376042e+000
4.222229e-001 -7.526531e+000 -6.144941e+000
-1.296610e+000 -7.211213e+000 -5.512016e+000
-5.236819e-001 -6.003549e+000 -6.213570e+000
-1.020550e+000 -7.515171e+000 -6.395274e+000
-1.136894e+000 -5.947772e+000 -5.983354e+000
3.891615e+000 -7.622589e+000 -6.515165e+000
3.776276e+000 -7.569303e+000 -6.433311e+000
3.647189e+000 -7.491619e+000 -6.445293e+000
3.507985e+000 -7.432809e+000 -6.447739e+000
3.182851e+000 -7.374358e+000 -6.361611e+000
2.859693e+000 -7.352240e+000 -6.253804e+000
2.532477e+000 -7.329929e+000 -6.159021e+000
2.204154e+000 -7.307868e+000 -6.074712e+000
1.879098e+000 -7.296613e+000 -5.976698e+000
1.542284e+000 -7.270656e+000 -5.941109e+000
5.106718e+000 -8.654578e+000 -6.093076e+000
4.634590e+000 -8.685937e+000 -5.818278e+000
4.116849e+000 -8.658198e+000 -5.643438e+000
3.581395e+000 -8.634625e+000 -5.533301e+000
3.076704e+000 -8.655807e+000 -5.493690e+000
2.571248e+000 -8.688442e+000 -5.508050e+000
2.065073e+000 -8.698016e+000 -5.529138e+000
1.257245e+000 -8.657267e+000 -5.544393e+000
4.669439e-001 -8.485731e+000 -5.566749e+000
-2.962216e-001 -8.226015e+000 -5.634288e+000
-7.767612e-001 -8.064348e+000 -5.710088e+000
-1.168132e+000 -7.753943e+000 -5.825379e+000
-1.318066e+000 -7.291417e+000 -5.987844e+000
4.897921e+000 -8.260078e+000 -6.297423e+000
4.660343e+000 -8.209589e+000 -6.285184e+000
4.421166e+000 -8.181561e+000 -6.251266e+000
4.190772e+000 -8.135910e+000 -6.188245e+000
3.991493e+000 -8.012808e+000 -6.279664e+000
3.764885e+000 -7.950991e+000 -6.275224e+000
