[individuals]
1
[dimensions]
3
[landmarks]
40
[rawpoints]
'#1
3.437045e+000 -6.968844e+000 -7.438262e+000
2.999519e+000 -6.960219e+000 -1.434138e+000
2.585875e+000 -7.712340e+000 -7.123888e+000
3.277010e+000 -6.069414e+000 -6.984576e+000
3.224935e+000 -6.191594e+000 -6.906026e+000
2.738510e+000 -7.847212e+000 -5.777629e+000
3.219310e+000 -7.512048e+000 -5.511552e+000
2.974822e+000 -7.639209e+000 -7.090331e+000
3.160560e+000 -6.913830e+000 -6.803609e+000
3.591129e+000 -7.766701e+000 -6.798579e+000
2.940398e+000 -6.931464e+000 -7.333866e+000
3.068922e+000 -7.098348e+000 -3.171763e+000
3.035270e+000 -7.031960e+000 -3.318510e+000
3.017994e+000 -7.022301e+000 -3.481852e+000
2.993075e+000 -6.987291e+000 -3.640679e+000
2.986458e+000 -7.106069e+000 -3.937899e+000
2.963036e+000 -7.135623e+000 -4.255824e+000
2.929502e+000 -7.142137e+000 -4.574135e+000
2.871044e+000 -7.107492e+000 -4.802339e+000
2.798239e+000 -7.127284e+000 -5.028170e+000
2.703745e+000 -7.114760e+000 -5.246356e+000
2.694249e+000 -7.668324e+000 -2.399429e+000
2.613470e+000 -7.874996e+000 -2.653001e+000
2.585092e+000 -7.969247e+000 -2.975260e+000
2.575500e+000 -8.033720e+000 -3.305847e+000
2.582925e+000 -8.092110e+000 -3.611205e+000
2.610762e+000 -8.130507e+000 -3.918546e+000
2.654570e+000 -8.154735e+000 -4.225469e+000
2.773481e+000 -8.148892e+000 -4.755467e+000
2.909034e+000 -8.105590e+000 -5.279702e+000
3.038105e+000 -8.058786e+000 -5.805270e+000
3.137575e+000 -8.037769e+000 -6.258728e+000
3.201509e+000 -7.941746e+000 -6.708906e+000
3.262744e+000 -7.642329e+000 -7.058995e+000
2.867625e+000 -7.351629e+000 -2.645344e+000
2.887307e+000 -7.385737e+000 -2.774254e+000
2.877104e+000 -7.424324e+000 -2.902999e+000
2.885011e+000 -7.448175e+000 -3.035433e+000
2.915728e+000 -7.387659e+000 -3.151900e+000
3.026127e+000 -7.311206e+000 -3.140879e+000
