[individuals]
1
[dimensions]
3
[landmarks]
40
[rawpoints]
'#1
5.294568e+000 -7.632485e+000 -3.736177e+000
-7.663310e-002 -7.301622e+000 -4.532582e+000
4.774851e+000 -8.429243e+000 -4.563786e+000
4.973857e+000 -6.845302e+000 -4.000364e+000
4.918327e+000 -6.847198e+000 -3.996509e+000
3.751189e+000 -8.269276e+000 -4.328194e+000
3.441369e+000 -8.065874e+000 -3.949868e+000
4.832929e+000 -8.246489e+000 -4.198721e+000
4.716957e+000 -7.429457e+000 -4.006054e+000
4.785306e+000 -8.183325e+000 -3.692354e+000
5.208642e+000 -7.625440e+000 -4.174807e+000
1.543035e+000 -7.403197e+000 -4.248944e+000
1.646775e+000 -7.389946e+000 -4.272679e+000
1.752055e+000 -7.369911e+000 -4.268711e+000
1.858892e+000 -7.371742e+000 -4.259577e+000
1.991372e+000 -7.423002e+000 -4.270827e+000
2.118278e+000 -7.487383e+000 -4.278201e+000
2.251463e+000 -7.535584e+000 -4.293777e+000
2.496968e+000 -7.568681e+000 -4.334420e+000
2.743096e+000 -7.584516e+000 -4.381219e+000
2.989117e+000 -7.603526e+000 -4.427384e+000
6.088676e-001 -7.830693e+000 -4.634793e+000
8.905281e-001 -7.989858e+000 -4.628512e+000
1.189662e+000 -8.110982e+000 -4.604896e+000
1.496674e+000 -8.206279e+000 -4.567896e+000
1.896250e+000 -8.235296e+000 -4.529790e+000
2.267864e+000 -8.340158e+000 -4.416314e+000
2.645155e+000 -8.434694e+000 -4.312983e+000
3.046909e+000 -8.458229e+000 -4.236431e+000
3.450370e+000 -8.461149e+000 -4.165505e+000
3.852260e+000 -8.454201e+000 -4.086413e+000
4.175776e+000 -8.447837e+000 -4.011223e+000
4.498450e+000 -8.388750e+000 -3.958782e+000
4.790927e+000 -8.234316e+000 -3.927813e+000
7.479384e-001 -7.544971e+000 -4.493350e+000
8.906585e-001 -7.618286e+000 -4.484928e+000
1.048785e+000 -7.637341e+000 -4.463731e+000
1.203038e+000 -7.682273e+000 -4.461958e+000
1.361779e+000 -7.689505e+000 -4.438174e+000
1.494962e+000 -7.643865e+000 -4.360760e+000
