[individuals]
1
[dimensions]
3
[landmarks]
40
[rawpoints]
'#1
-1.345986e+000 -3.272329e+000 4.124878e-001
-5.455418e-001 -8.754874e+000 -1.058176e+001
-2.805929e-001 -5.965482e+000 1.496596e+000
-2.672959e-001 -1.591578e+000 -1.415546e+000
-2.743286e-001 -1.697084e+000 -2.037112e+000
-1.012681e+000 -7.277215e+000 -1.071609e+000
-1.803551e+000 -6.535562e+000 -2.193434e+000
-9.514486e-001 -5.303650e+000 1.006207e+000
-9.530640e-001 -3.714667e+000 -7.524717e-001
-2.606126e+000 -5.706519e+000 1.904552e-001
-4.584364e-001 -3.621719e+000 4.431431e-001
-8.560306e-001 -7.220897e+000 -7.185628e+000
-8.084688e-001 -7.050050e+000 -6.962176e+000
-7.726184e-001 -6.926854e+000 -6.707383e+000
-7.514994e-001 -6.810888e+000 -6.447598e+000
-7.325348e-001 -6.819507e+000 -5.883277e+000
-7.305351e-001 -6.762859e+000 -5.321414e+000
-7.181723e-001 -6.597508e+000 -4.781590e+000
-6.591776e-001 -6.470454e+000 -4.271518e+000
-5.782419e-001 -6.434037e+000 -3.750064e+000
-4.651413e-001 -6.293067e+000 -3.252946e+000
-2.106804e-001 -9.215576e+000 -8.545901e+000
-4.134020e-002 -9.091844e+000 -7.845610e+000
1.521101e-002 -9.172423e+000 -7.121230e+000
-2.153778e-002 -9.285785e+000 -6.399961e+000
-3.451324e-001 -9.034145e+000 -5.283051e+000
-7.335778e-001 -9.001021e+000 -4.158962e+000
-1.122443e+000 -8.958288e+000 -3.035344e+000
-1.289932e+000 -8.501199e+000 -2.201825e+000
-1.436180e+000 -7.989892e+000 -1.396273e+000
-1.593689e+000 -7.429034e+000 -6.266190e-001
-1.843098e+000 -6.958637e+000 1.963667e-001
-1.919722e+000 -6.184659e+000 7.929877e-001
-1.757912e+000 -5.218297e+000 7.654392e-001
-4.491688e-001 -8.337527e+000 -8.855693e+000
-5.221021e-001 -8.258855e+000 -8.473039e+000
-5.822855e-001 -8.231314e+000 -8.081180e+000
-5.870939e-001 -8.099266e+000 -7.706622e+000
-7.262827e-001 -7.609386e+000 -7.154994e+000
-8.142635e-001 -7.667465e+000 -7.130583e+000
