[individuals]
1
[dimensions]
3
[landmarks]
40
[rawpoints]
'#1
5.085018e+000 -3.397957e+000 -4.895370e+000
-8.127899e-001 -6.375789e+000 -2.600797e+000
5.252309e+000 -5.120368e+000 -5.788116e+000
3.933246e+000 -2.589085e+000 -5.089657e+000
3.833337e+000 -2.543034e+000 -5.087003e+000
4.050326e+000 -5.796455e+000 -4.793639e+000
3.623563e+000 -5.112453e+000 -3.963840e+000
5.329738e+000 -4.707665e+000 -5.172172e+000
4.399015e+000 -3.594404e+000 -4.799465e+000
5.357051e+000 -4.460727e+000 -4.191834e+000
4.976352e+000 -3.558472e+000 -5.268886e+000
1.090381e+000 -5.398247e+000 -3.286702e+000
1.203436e+000 -5.384044e+000 -3.362933e+000
1.321689e+000 -5.383715e+000 -3.432288e+000
1.435944e+000 -5.350318e+000 -3.500292e+000
1.669532e+000 -5.360097e+000 -3.625244e+000
1.903468e+000 -5.340330e+000 -3.748384e+000
2.128471e+000 -5.305989e+000 -3.884281e+000
2.394935e+000 -5.309998e+000 -4.070849e+000
2.665495e+000 -5.306915e+000 -4.251419e+000
2.856400e+000 -5.186732e+000 -4.485807e+000
1.765185e-001 -6.627450e+000 -3.154552e+000
4.709288e-001 -6.625333e+000 -3.462398e+000
8.250920e-001 -6.658803e+000 -3.696716e+000
1.207936e+000 -6.724758e+000 -3.871466e+000
1.810019e+000 -6.619465e+000 -3.999951e+000
2.427012e+000 -6.658556e+000 -4.088752e+000
3.038740e+000 -6.729889e+000 -4.192707e+000
3.535779e+000 -6.475286e+000 -4.294976e+000
4.031087e+000 -6.222087e+000 -4.408511e+000
4.517813e+000 -5.946316e+000 -4.505344e+000
5.019769e+000 -5.676304e+000 -4.553843e+000
5.368920e+000 -5.226810e+000 -4.611321e+000
5.369818e+000 -4.668148e+000 -4.734258e+000
2.407867e-001 -6.125235e+000 -3.004667e+000
4.307261e-001 -6.071360e+000 -3.095742e+000
6.230645e-001 -6.061143e+000 -3.196589e+000
8.169325e-001 -6.034074e+000 -3.291214e+000
9.999176e-001 -5.929030e+000 -3.343677e+000
1.064574e+000 -5.721816e+000 -3.331380e+000
