[individuals]
1
[dimensions]
3
[landmarks]
40
[rawpoints]
'#1
-2.294827e-002 1.965326e+001 -3.748666e+001
6.048440e-001 2.059576e+001 -4.644328e+001
-1.932014e+000 1.894965e+001 -3.784055e+001
1.472241e+000 1.935573e+001 -3.825542e+001
1.636090e+000 1.937112e+001 -3.858752e+001
-1.583886e+000 1.978363e+001 -3.999178e+001
-8.635966e-001 2.022372e+001 -4.002174e+001
-1.346246e+000 1.963484e+001 -3.797450e+001
1.072424e-001 1.963534e+001 -3.834315e+001
-1.143752e+000 2.027206e+001 -3.832535e+001
-1.134378e-001 1.924200e+001 -3.774324e+001
4.188213e-001 2.025739e+001 -4.323937e+001
5.065749e-001 2.021367e+001 -4.312884e+001
5.423440e-001 2.017996e+001 -4.298949e+001
5.579693e-001 2.014725e+001 -4.284625e+001
4.004827e-001 2.008265e+001 -4.253120e+001
2.433194e-001 2.002028e+001 -4.221552e+001
1.230305e-001 1.996482e+001 -4.188283e+001
-1.592018e-001 1.986996e+001 -4.159830e+001
-3.358837e-001 1.979037e+001 -4.123478e+001
-3.840054e-001 1.966729e+001 -4.084470e+001
-2.400229e-001 2.015545e+001 -4.512489e+001
-5.684761e-001 1.999210e+001 -4.454569e+001
-8.154446e-001 1.990973e+001 -4.391144e+001
-1.057218e+000 1.985578e+001 -4.327216e+001
-1.254913e+000 1.986636e+001 -4.269897e+001
-1.501138e+000 1.992388e+001 -4.214777e+001
-1.692423e+000 1.996781e+001 -4.157399e+001
-1.820471e+000 2.001137e+001 -4.059893e+001
-1.785201e+000 2.003598e+001 -3.961546e+001
-1.737796e+000 2.006360e+001 -3.863261e+001
-1.649485e+000 2.004987e+001 -3.840104e+001
-1.499265e+000 2.001912e+001 -3.820584e+001
-1.281244e+000 2.000517e+001 -3.808802e+001
1.687817e-001 2.043093e+001 -4.495129e+001
1.050801e-001 2.035006e+001 -4.458427e+001
-2.683701e-002 2.023727e+001 -4.424492e+001
-9.751929e-002 2.014769e+001 -4.388123e+001
-7.105373e-002 2.009062e+001 -4.350529e+001
1.178614e-001 2.020864e+001 -4.319598e+001
