[individuals]
1
[dimensions]
3
[landmarks]
40
[rawpoints]
'#1
-2.477067e+000 -7.391676e+000 -7.034882e-001
-3.459539e+000 -6.241364e+000 -8.329875e+000
-1.424769e+000 -8.720716e+000 -1.090908e+000
-2.417696e+000 -5.759329e+000 -1.278476e+000
-2.463948e+000 -5.695420e+000 -1.453240e+000
-2.300324e+000 -8.595213e+000 -3.315207e+000
-2.741764e+000 -8.265641e+000 -2.802699e+000
-2.001899e+000 -8.530550e+000 -1.223035e+000
-2.400219e+000 -7.208163e+000 -1.389336e+000
-2.950298e+000 -8.524433e+000 -1.434132e+000
-1.972917e+000 -7.359605e+000 -9.978493e-001
-3.130724e+000 -6.352072e+000 -5.909504e+000
-3.126004e+000 -6.397710e+000 -5.752134e+000
-3.097312e+000 -6.444954e+000 -5.597812e+000
-3.056805e+000 -6.517206e+000 -5.456357e+000
-2.970197e+000 -6.667615e+000 -5.183204e+000
-2.870306e+000 -6.832179e+000 -4.923057e+000
-2.771892e+000 -6.993722e+000 -4.660455e+000
-2.650286e+000 -7.258049e+000 -4.353627e+000
-2.544591e+000 -7.458749e+000 -3.996838e+000
-2.412347e+000 -7.575461e+000 -3.612517e+000
-3.196404e+000 -6.998048e+000 -7.434396e+000
-3.020310e+000 -7.242453e+000 -7.131794e+000
-2.911577e+000 -7.453792e+000 -6.777073e+000
-2.819058e+000 -7.611719e+000 -6.391301e+000
-2.701072e+000 -7.979909e+000 -5.700043e+000
-2.641176e+000 -8.405338e+000 -5.034620e+000
-2.583290e+000 -8.769400e+000 -4.333571e+000
-2.520501e+000 -8.934206e+000 -3.793583e+000
-2.464998e+000 -9.029344e+000 -3.236326e+000
-2.449526e+000 -9.123199e+000 -2.676294e+000
-2.473024e+000 -9.151155e+000 -2.132326e+000
-2.522264e+000 -9.026937e+000 -1.603748e+000
-2.549324e+000 -8.618225e+000 -1.243949e+000
-3.160682e+000 -6.630905e+000 -7.209216e+000
-3.149046e+000 -6.722044e+000 -6.953965e+000
-3.122431e+000 -6.875791e+000 -6.732046e+000
-3.048514e+000 -6.934380e+000 -6.477685e+000
-3.025724e+000 -6.874650e+000 -6.214056e+000
-3.090940e+000 -6.746629e+000 -5.983950e+000
