[individuals]
1
[dimensions]
3
[landmarks]
40
[rawpoints]
'#1
4.565837e+003 2.945758e+003 9.498552e+003
4.950535e+003 2.414973e+003 1.585100e+003
3.513717e+003 4.438480e+003 9.094416e+003
4.544495e+003 1.442888e+003 8.886799e+003
4.533422e+003 1.333282e+003 8.621014e+003
4.203368e+003 4.228817e+003 7.295801e+003
4.753745e+003 3.625602e+003 7.268919e+003
4.169083e+003 4.207044e+003 9.023112e+003
4.421065e+003 2.702178e+003 8.779393e+003
4.885567e+003 4.137436e+003 8.571734e+003
4.259077e+003 2.983295e+003 9.347584e+003
4.788759e+003 2.310741e+003 4.492957e+003
4.740167e+003 2.329000e+003 4.588596e+003
4.705236e+003 2.334187e+003 4.691524e+003
4.686244e+003 2.312867e+003 4.796528e+003
4.631819e+003 2.499181e+003 5.054256e+003
4.598085e+003 2.650260e+003 5.337353e+003
4.563300e+003 2.740890e+003 5.645039e+003
4.452951e+003 2.954629e+003 5.959099e+003
4.326333e+003 3.092446e+003 6.307625e+003
4.201834e+003 3.103863e+003 6.682931e+003
4.539991e+003 3.115175e+003 2.750631e+003
4.406214e+003 3.395620e+003 3.351037e+003
4.329425e+003 3.634708e+003 3.978754e+003
4.294414e+003 3.835523e+003 4.623353e+003
4.307388e+003 4.037328e+003 5.191958e+003
4.359310e+003 4.260395e+003 5.750306e+003
4.407953e+003 4.426429e+003 6.328469e+003
4.416734e+003 4.507896e+003 7.051295e+003
4.446099e+003 4.602522e+003 7.771988e+003
4.491679e+003 4.612741e+003 8.497953e+003
4.501046e+003 4.516884e+003 8.694443e+003
4.518544e+003 4.364006e+003 8.850024e+003
4.585404e+003 4.179718e+003 8.947227e+003
4.864710e+003 2.737639e+003 2.875225e+003
4.766659e+003 2.813237e+003 3.187199e+003
4.632997e+003 2.976199e+003 3.448402e+003
4.683250e+003 2.932386e+003 3.777325e+003
4.673228e+003 2.879342e+003 4.108602e+003
4.747871e+003 2.674023e+003 4.363386e+003
