[individuals]
1
[dimensions]
3
[landmarks]
40
[rawpoints]
'#1
-2.529818e+000 2.082922e+001 -8.793767e+001
-4.251803e-001 1.752564e+001 -9.814951e+001
-1.326885e+000 1.887689e+001 -8.692508e+001
-1.695000e+000 2.214743e+001 -8.915456e+001
-1.625753e+000 2.217174e+001 -8.970591e+001
-1.487358e+000 1.742678e+001 -8.949068e+001
-2.346596e+000 1.850105e+001 -9.035271e+001
-2.069659e+000 1.917422e+001 -8.746758e+001
-2.092899e+000 2.065486e+001 -8.893764e+001
-3.086499e+000 1.901614e+001 -8.849252e+001
-1.784048e+000 2.071818e+001 -8.786173e+001
-1.024579e+000 1.857165e+001 -9.471819e+001
-1.018651e+000 1.869581e+001 -9.459321e+001
-1.040972e+000 1.871148e+001 -9.441905e+001
-1.059010e+000 1.873785e+001 -9.424570e+001
-1.124800e+000 1.869159e+001 -9.379933e+001
-1.214851e+000 1.872784e+001 -9.335625e+001
-1.264823e+000 1.867988e+001 -9.290800e+001
-1.222409e+000 1.852558e+001 -9.237227e+001
-1.275878e+000 1.850513e+001 -9.181550e+001
-1.295845e+000 1.863020e+001 -9.127064e+001
-3.436462e-001 1.690977e+001 -9.645432e+001
-2.883984e-001 1.667741e+001 -9.579475e+001
-3.192811e-001 1.666154e+001 -9.509414e+001
-4.304318e-001 1.667969e+001 -9.440177e+001
-6.878859e-001 1.667087e+001 -9.335054e+001
-9.879825e-001 1.656609e+001 -9.231590e+001
-1.310227e+000 1.656842e+001 -9.128265e+001
-1.595698e+000 1.669193e+001 -9.044928e+001
-1.877742e+000 1.698373e+001 -8.965772e+001
-2.173946e+000 1.733995e+001 -8.889837e+001
-2.431702e+000 1.773962e+001 -8.833786e+001
-2.598396e+000 1.831983e+001 -8.791838e+001
-2.580356e+000 1.904186e+001 -8.778169e+001
-6.751255e-001 1.750493e+001 -9.640979e+001
-7.250077e-001 1.758306e+001 -9.605111e+001
-7.696055e-001 1.755956e+001 -9.568410e+001
-8.208532e-001 1.753182e+001 -9.531827e+001
-9.019837e-001 1.764073e+001 -9.497362e+001
-9.303083e-001 1.796442e+001 -9.479570e+001
