[individuals]
1
[dimensions]
3
[landmarks]
40
[rawpoints]
'#1
3.014988e+000 2.171531e+001 -1.441292e+001
6.952283e-001 1.758573e+001 -3.854540e+000
1.854046e+000 1.967332e+001 -1.514900e+001
2.211419e+000 2.301727e+001 -1.261976e+001
2.053744e+000 2.289599e+001 -1.216346e+001
1.984244e+000 1.806399e+001 -1.282043e+001
2.975703e+000 1.889107e+001 -1.182454e+001
2.490468e+000 1.986390e+001 -1.458857e+001
2.532526e+000 2.140976e+001 -1.343336e+001
3.724502e+000 1.990397e+001 -1.398420e+001
2.205460e+000 2.145565e+001 -1.415660e+001
1.419351e+000 1.910999e+001 -7.110911e+000
1.292576e+000 1.880665e+001 -7.347075e+000
1.317571e+000 1.881082e+001 -7.749193e+000
1.388392e+000 1.920875e+001 -7.735216e+000
1.469602e+000 1.920576e+001 -8.201265e+000
1.587430e+000 1.922849e+001 -8.658889e+000
1.660176e+000 1.918068e+001 -9.123889e+000
1.703777e+000 1.911925e+001 -9.660484e+000
1.727954e+000 1.908056e+001 -1.020043e+001
1.741409e+000 1.916271e+001 -1.073584e+001
6.371871e-001 1.722184e+001 -5.392873e+000
6.899876e-001 1.707360e+001 -6.304537e+000
8.063827e-001 1.704702e+001 -7.221950e+000
9.692830e-001 1.697228e+001 -8.129573e+000
1.199199e+000 1.689006e+001 -9.059668e+000
1.486981e+000 1.678534e+001 -9.971212e+000
1.780551e+000 1.682368e+001 -1.088611e+001
2.176161e+000 1.722092e+001 -1.200658e+001
2.572950e+000 1.783332e+001 -1.302509e+001
2.944070e+000 1.856909e+001 -1.396883e+001
3.033713e+000 1.893473e+001 -1.422311e+001
3.081994e+000 1.936944e+001 -1.434590e+001
3.144891e+000 1.981905e+001 -1.436244e+001
1.007796e+000 1.789395e+001 -5.458845e+000
1.068286e+000 1.800358e+001 -5.838214e+000
1.133573e+000 1.802337e+001 -6.231846e+000
1.209723e+000 1.830431e+001 -6.533985e+000
1.277032e+000 1.844110e+001 -6.892365e+000
1.344342e+000 1.857789e+001 -7.250745e+000
