[individuals]
1
[dimensions]
3
[landmarks]
48
[rawpoints]
'#1
1.118244e+000 -2.419404e+000 -4.506299e+000
1.082160e+000 -2.866945e+000 -5.576556e+000
3.615047e+000 -7.937026e+000 -4.461245e+000
-1.240787e+000 -8.395983e+000 -4.490657e+000
1.220711e+000 -9.435752e+000 -3.305971e+000
2.263613e+000 -4.762372e+000 -4.050300e+000
-1.900900e-003 -4.806246e+000 -4.046576e+000
2.647285e+000 -5.467623e+000 -4.191797e+000
2.276089e+000 -4.805747e+000 -4.883388e+000
-4.794010e-002 -4.833102e+000 -4.829448e+000
-5.641010e-001 -5.867362e+000 -4.219440e+000
1.887408e+000 -4.068566e+000 -4.212023e+000
2.622881e-001 -4.057904e+000 -4.208411e+000
2.708047e+000 -9.250346e+000 -3.343421e+000
-4.129777e-001 -9.321770e+000 -3.278805e+000
2.345610e+000 -9.492497e+000 -2.829776e+000
-5.530700e-002 -9.503000e+000 -2.827819e+000
1.205491e+000 -1.023110e+001 -3.909286e+000
1.726008e+000 -9.905825e+000 -3.562265e+000
5.873199e-001 -9.864031e+000 -3.597820e+000
1.154315e+000 -5.503649e+000 -6.126708e+000
1.048804e+000 -6.239594e+000 -6.269759e+000
9.765632e-001 -6.979913e+000 -6.410951e+000
9.424003e-001 -7.728744e+000 -6.517033e+000
9.703841e-001 -8.482371e+000 -6.450740e+000
1.029337e+000 -9.198915e+000 -6.213321e+000
1.100221e+000 -9.807590e+000 -5.768701e+000
1.145407e+000 -1.038825e+001 -5.284963e+000
1.944856e+000 -4.077691e+000 -3.921682e+000
2.068388e+000 -4.269706e+000 -3.897387e+000
2.159293e+000 -4.475823e+000 -3.852988e+000
2.212823e+000 -4.690763e+000 -3.792523e+000
2.234314e+000 -5.025156e+000 -3.810111e+000
2.220529e+000 -5.359145e+000 -3.780932e+000
2.184829e+000 -5.692741e+000 -3.775429e+000
2.118900e+000 -6.076015e+000 -3.816522e+000
2.042626e+000 -6.458502e+000 -3.787576e+000
1.958561e+000 -6.839257e+000 -3.757594e+000
2.936708e-001 -4.118182e+000 -3.880633e+000
1.900271e-001 -4.274664e+000 -3.878452e+000
1.328837e-001 -4.451140e+000 -3.849806e+000
1.094091e-001 -4.635378e+000 -3.822629e+000
8.677547e-002 -4.969783e+000 -3.865353e+000
1.132724e-001 -5.305582e+000 -3.838889e+000
1.472948e-001 -5.641726e+000 -3.835423e+000
2.001411e-001 -6.043253e+000 -3.816767e+000
2.446850e-001 -6.435088e+000 -3.722749e+000
3.471182e-001 -6.827198e+000 -3.733545e+000
