[individuals]
1
[dimensions]
3
[landmarks]
48
[rawpoints]
'#1
4.572653e+000 -7.529542e+000 -5.503030e+000
4.843895e+000 -6.769949e+000 -5.520361e+000
-3.764020e-002 -6.970052e+000 -8.221597e+000
-8.692080e-001 -6.827783e+000 -4.345262e+000
-1.770594e+000 -7.679242e+000 -6.499700e+000
2.131433e+000 -7.427123e+000 -6.863159e+000
1.822516e+000 -7.464593e+000 -5.026743e+000
1.742229e+000 -7.450983e+000 -7.299769e+000
2.259717e+000 -6.762610e+000 -6.972350e+000
1.876231e+000 -6.656339e+000 -4.781235e+000
1.400098e+000 -7.318724e+000 -4.667840e+000
2.734926e+000 -7.254343e+000 -6.695608e+000
2.469303e+000 -7.273202e+000 -4.926831e+000
-1.420776e+000 -7.586859e+000 -7.897786e+000
-1.803779e+000 -7.408255e+000 -4.880942e+000
-1.749832e+000 -7.944562e+000 -7.486016e+000
-2.001495e+000 -7.905790e+000 -5.508945e+000
-2.514120e+000 -7.166909e+000 -6.605779e+000
-2.203937e+000 -7.447333e+000 -6.985803e+000
-2.289141e+000 -7.450652e+000 -6.063486e+000
1.486749e+000 -5.440043e+000 -6.039338e+000
9.150565e-001 -5.261646e+000 -6.135886e+000
3.471332e-001 -5.083113e+000 -6.252337e+000
-2.450373e-001 -5.042453e+000 -6.377499e+000
-8.368826e-001 -5.088809e+000 -6.502244e+000
-1.412519e+000 -5.248082e+000 -6.608379e+000
-1.912729e+000 -5.587933e+000 -6.655903e+000
-2.413227e+000 -5.929555e+000 -6.683722e+000
2.591755e+000 -7.661055e+000 -6.720483e+000
2.443508e+000 -7.651295e+000 -6.726387e+000
2.295645e+000 -7.636850e+000 -6.732384e+000
2.150735e+000 -7.603597e+000 -6.730513e+000
1.874129e+000 -7.644080e+000 -6.779747e+000
1.593268e+000 -7.653669e+000 -6.819716e+000
1.313155e+000 -7.618449e+000 -6.849246e+000
1.113362e+000 -7.577484e+000 -6.861496e+000
9.110821e-001 -7.548739e+000 -6.862679e+000
7.071315e-001 -7.559054e+000 -6.869302e+000
2.318673e+000 -7.602696e+000 -4.966494e+000
2.201797e+000 -7.661778e+000 -5.016123e+000
2.065910e+000 -7.643068e+000 -5.044394e+000
1.932937e+000 -7.659914e+000 -5.085016e+000
1.672333e+000 -7.605969e+000 -5.133734e+000
1.408376e+000 -7.598353e+000 -5.192662e+000
1.146077e+000 -7.579319e+000 -5.256159e+000
9.378360e-001 -7.579825e+000 -5.322648e+000
7.334110e-001 -7.543949e+000 -5.391297e+000
5.428205e-001 -7.589830e+000 -5.488037e+000
