[individuals]
1
[dimensions]
3
[landmarks]
48
[rawpoints]
'#1
2.985269e+003 2.538273e+003 8.139470e+003
2.636424e+003 1.802830e+003 8.365752e+003
5.292865e+002 3.378068e+003 2.434148e+003
4.470108e+003 1.729877e+003 2.334396e+003
2.741908e+003 3.528152e+003 1.163011e+003
1.810411e+003 3.238666e+003 5.423179e+003
3.933503e+003 2.370485e+003 5.251768e+003
1.342643e+003 3.481009e+003 4.735865e+003
1.518655e+003 2.712275e+003 5.529542e+003
3.720035e+003 1.629662e+003 5.323741e+003
4.272443e+003 2.268236e+003 4.520181e+003
2.014727e+003 3.021158e+003 6.098597e+003
3.743035e+003 2.270970e+003 5.995344e+003
1.442885e+003 3.922815e+003 1.483375e+003
4.083407e+003 2.870116e+003 1.311148e+003
1.766114e+003 3.918050e+003 1.264959e+003
3.823914e+003 3.228455e+003 1.047236e+003
2.467210e+003 2.976986e+003 4.168307e+002
2.150406e+003 3.498111e+003 7.128414e+002
3.160028e+003 3.191483e+003 6.818629e+002
2.121491e+003 1.047073e+003 5.188920e+003
1.963877e+003 9.653276e+002 4.458923e+003
1.813611e+003 8.494734e+002 3.732006e+003
1.720247e+003 8.082885e+002 2.987684e+003
1.719410e+003 8.959232e+002 2.241504e+003
1.787498e+003 1.091474e+003 1.519310e+003
1.960408e+003 1.502168e+003 9.144362e+002
2.122538e+003 1.935870e+003 3.228031e+002
2.162297e+003 3.397344e+003 5.967974e+003
2.125825e+003 3.388002e+003 5.794485e+003
2.107762e+003 3.397475e+003 5.618147e+003
2.078002e+003 3.444586e+003 5.449564e+003
2.024246e+003 3.383246e+003 5.184993e+003
1.977347e+003 3.416499e+003 4.914177e+003
1.968023e+003 3.448731e+003 4.639369e+003
1.948729e+003 3.401143e+003 4.350862e+003
1.972278e+003 3.375393e+003 4.059912e+003
2.024287e+003 3.395743e+003 3.772236e+003
3.851192e+003 2.700542e+003 5.873709e+003
3.868262e+003 2.696010e+003 5.681067e+003
3.863180e+003 2.718119e+003 5.488538e+003
3.863150e+003 2.714867e+003 5.295521e+003
3.865352e+003 2.647973e+003 5.038073e+003
3.858461e+003 2.643839e+003 4.772187e+003
3.842095e+003 2.659765e+003 4.507154e+003
3.769341e+003 2.652149e+003 4.222759e+003
3.674255e+003 2.667562e+003 3.945350e+003
3.600625e+003 2.742441e+003 3.671124e+003
