[individuals]
1
[dimensions]
3
[landmarks]
48
[rawpoints]
'#1
1.620237e+000 6.381866e-001 -7.030030e+000
2.771774e+000 5.596140e-001 -6.214054e+000
5.262556e-001 -8.582952e+000 -3.737735e+000
3.903156e+000 -8.666510e+000 -9.047398e+000
7.880726e-001 -9.909777e+000 -7.087408e+000
4.037075e-001 -3.091414e+000 -5.899085e+000
2.024202e+000 -3.209008e+000 -8.393604e+000
-4.069389e-001 -4.259509e+000 -5.168246e+000
1.475331e+000 -2.575821e+000 -5.145162e+000
3.006860e+000 -2.571917e+000 -7.814283e+000
2.313743e+000 -4.411017e+000 -9.414660e+000
7.794289e-001 -2.136145e+000 -6.036351e+000
2.115312e+000 -2.255527e+000 -8.144549e+000
-4.623482e-001 -1.000785e+001 -5.064783e+000
2.113784e+000 -1.014581e+001 -9.266500e+000
-1.001253e+000 -9.644800e+000 -6.241672e+000
8.649054e-001 -9.555087e+000 -9.249872e+000
1.431875e+000 -1.083098e+001 -6.795687e+000
7.680627e-001 -1.057964e+001 -6.335454e+000
1.578153e+000 -1.049633e+001 -7.579201e+000
3.942204e+000 -4.000715e+000 -5.397978e+000
4.188771e+000 -4.990255e+000 -5.160640e+000
4.285663e+000 -6.027421e+000 -5.054787e+000
4.327565e+000 -7.071821e+000 -4.994076e+000
4.284412e+000 -8.118045e+000 -4.993930e+000
4.033974e+000 -9.124193e+000 -5.139712e+000
3.536026e+000 -9.991016e+000 -5.451168e+000
3.009654e+000 -1.083737e+001 -5.772010e+000
2.478634e-001 -2.258668e+000 -6.287343e+000
3.289913e-001 -2.447248e+000 -6.245403e+000
2.795538e-001 -2.650731e+000 -6.238250e+000
1.631958e-001 -2.824951e+000 -6.234851e+000
2.011420e-001 -3.230399e+000 -6.134932e+000
1.452431e-001 -3.638040e+000 -6.054118e+000
5.051000e-004 -4.028619e+000 -6.102248e+000
5.986442e-002 -4.493363e+000 -6.063439e+000
6.966926e-002 -4.957881e+000 -6.135061e+000
-4.909550e-002 -5.399592e+000 -6.243697e+000
1.711633e+000 -2.337032e+000 -8.368048e+000
1.737909e+000 -2.563393e+000 -8.388863e+000
1.695766e+000 -2.788270e+000 -8.392885e+000
1.619185e+000 -2.975047e+000 -8.500646e+000
1.687945e+000 -3.360235e+000 -8.400012e+000
1.708082e+000 -3.755831e+000 -8.479558e+000
1.596577e+000 -4.128733e+000 -8.587868e+000
1.621506e+000 -4.579476e+000 -8.582899e+000
1.626344e+000 -5.030204e+000 -8.557726e+000
1.482320e+000 -5.454655e+000 -8.611684e+000
