[individuals]
1
[dimensions]
3
[landmarks]
48
[rawpoints]
'#1
-2.686211e+000 -7.175382e+000 -5.017776e-001
-2.839926e+000 -5.813649e+000 -3.469704e-001
5.556216e+000 -5.780246e+000 -1.499982e+000
2.969089e+000 -5.690366e+000 -6.514719e+000
5.718391e+000 -6.955441e+000 -4.765709e+000
8.838596e-001 -7.085498e+000 -7.741020e-001
-3.298439e-001 -6.995985e+000 -3.295846e+000
2.338553e+000 -7.110833e+000 -5.666931e-001
6.130418e-001 -6.173175e+000 -4.174343e-001
-8.276997e-001 -6.071773e+000 -3.166257e+000
3.263428e-001 -7.111968e+000 -4.580935e+000
3.265930e-002 -6.998454e+000 -6.682961e-001
-9.836342e-001 -6.870537e+000 -2.645043e+000
6.487013e+000 -7.263518e+000 -2.719858e+000
4.490967e+000 -7.163630e+000 -6.654040e+000
6.265821e+000 -7.909383e+000 -3.100832e+000
4.670468e+000 -7.943634e+000 -6.200776e+000
6.592921e+000 -5.990904e+000 -5.157317e+000
6.588756e+000 -6.554174e+000 -4.272662e+000
5.891418e+000 -6.540627e+000 -5.728049e+000
-9.547810e-002 -4.227526e+000 -1.842751e+000
7.607070e-001 -3.744689e+000 -2.340847e+000
1.697784e+000 -3.469071e+000 -2.851007e+000
2.682461e+000 -3.524949e+000 -3.342493e+000
3.665698e+000 -3.550128e+000 -3.839386e+000
4.650081e+000 -3.714073e+000 -4.306727e+000
5.554973e+000 -4.184552e+000 -4.723996e+000
6.454596e+000 -4.673426e+000 -5.131377e+000
2.034980e-001 -7.397505e+000 -6.281681e-001
3.992880e-001 -7.247051e+000 -6.687632e-001
6.359629e-001 -7.235651e+000 -7.491741e-001
7.774044e-001 -7.398008e+000 -8.766594e-001
1.128545e+000 -7.294641e+000 -9.864699e-001
1.477412e+000 -7.248872e+000 -1.135549e+000
1.815038e+000 -7.277219e+000 -1.312320e+000
2.188215e+000 -7.148754e+000 -1.472891e+000
2.562747e+000 -7.108848e+000 -1.672077e+000
2.928436e+000 -7.169900e+000 -1.882058e+000
-8.582958e-001 -7.291875e+000 -2.636586e+000
-7.215571e-001 -7.194256e+000 -2.797409e+000
-5.229883e-001 -7.254481e+000 -2.902441e+000
-3.249712e-001 -7.322737e+000 -3.003520e+000
-4.142731e-002 -7.214395e+000 -3.240632e+000
2.764457e-001 -7.203323e+000 -3.457865e+000
6.080532e-001 -7.277627e+000 -3.639175e+000
9.620044e-001 -7.142390e+000 -3.872034e+000
1.351933e+000 -7.085887e+000 -4.078314e+000
1.745095e+000 -7.154150e+000 -4.274691e+000
