[individuals]
1
[dimensions]
3
[landmarks]
48
[rawpoints]
'#1
1.823549e+000 -3.151485e+000 -5.696604e+000
2.079229e+000 -3.071685e+000 -5.971040e+000
3.036474e+000 -7.024245e+000 -4.823035e+000
8.619003e-001 -6.984984e+000 -6.922792e+000
1.427890e+000 -7.804526e+000 -5.435640e+000
2.279372e+000 -5.274835e+000 -5.185323e+000
1.269136e+000 -5.282136e+000 -6.228674e+000
2.529328e+000 -5.626295e+000 -5.094838e+000
2.606153e+000 -4.853039e+000 -5.498692e+000
1.618723e+000 -4.779371e+000 -6.470922e+000
1.160631e+000 -5.555917e+000 -6.359603e+000
2.456860e+000 -4.925898e+000 -5.397370e+000
1.400874e+000 -4.970296e+000 -6.306464e+000
2.325258e+000 -7.847844e+000 -4.810653e+000
8.584436e-001 -7.876105e+000 -6.224858e+000
2.063406e+000 -8.038404e+000 -4.906969e+000
9.134421e-001 -8.035715e+000 -5.923287e+000
1.763340e+000 -8.485315e+000 -5.715241e+000
1.933424e+000 -8.051906e+000 -5.258147e+000
1.244963e+000 -8.169789e+000 -5.854010e+000
2.711120e+000 -5.059460e+000 -6.515603e+000
2.797470e+000 -5.592526e+000 -6.630602e+000
2.942116e+000 -6.098948e+000 -6.796300e+000
3.003531e+000 -6.643168e+000 -6.865926e+000
2.966170e+000 -7.193085e+000 -6.833967e+000
2.853717e+000 -7.723206e+000 -6.728364e+000
2.565720e+000 -8.112139e+000 -6.462601e+000
2.286710e+000 -8.519905e+000 -6.216263e+000
2.218610e+000 -4.999397e+000 -5.106097e+000
2.149465e+000 -5.048503e+000 -5.083834e+000
2.107566e+000 -5.125522e+000 -5.084564e+000
2.102724e+000 -5.204947e+000 -5.121386e+000
2.106687e+000 -5.387759e+000 -5.149428e+000
2.097186e+000 -5.571953e+000 -5.163770e+000
2.081396e+000 -5.756226e+000 -5.167926e+000
2.075720e+000 -5.897496e+000 -5.193295e+000
2.060897e+000 -6.039346e+000 -5.210335e+000
2.034039e+000 -6.180213e+000 -5.218456e+000
1.158168e+000 -4.987510e+000 -6.119866e+000
1.149468e+000 -5.031110e+000 -6.064724e+000
1.141598e+000 -5.082792e+000 -6.016925e+000
1.131537e+000 -5.141326e+000 -5.978323e+000
1.212395e+000 -5.341738e+000 -6.019912e+000
1.241864e+000 -5.559319e+000 -6.004980e+000
1.254289e+000 -5.777195e+000 -5.976523e+000
1.292568e+000 -5.917962e+000 -5.979214e+000
1.321512e+000 -6.060163e+000 -5.964076e+000
1.351891e+000 -6.198392e+000 -5.928615e+000
