[individuals]
1
[dimensions]
3
[landmarks]
48
[rawpoints]
'#1
-1.992405e+000 -7.872137e+000 -6.299618e+000
-2.035118e+000 -7.062675e+000 -6.262748e+000
3.053153e+000 -6.641428e+000 -4.261710e+000
3.192893e+000 -6.488065e+000 -8.255874e+000
4.247894e+000 -7.391478e+000 -6.218320e+000
1.236803e-001 -7.429973e+000 -5.461345e+000
1.044269e-001 -7.469060e+000 -7.141036e+000
1.293003e+000 -7.794501e+000 -4.633700e+000
3.891186e-001 -6.824018e+000 -5.356233e+000
4.083049e-001 -6.783747e+000 -7.281687e+000
1.349593e+000 -7.426847e+000 -7.869003e+000
-1.773558e-001 -7.343281e+000 -5.637868e+000
-2.080966e-001 -7.348261e+000 -6.962644e+000
4.215518e+000 -7.443432e+000 -4.872452e+000
4.236753e+000 -7.459383e+000 -7.656970e+000
4.359546e+000 -8.033072e+000 -5.328535e+000
4.307471e+000 -8.045973e+000 -7.158264e+000
4.951378e+000 -6.717148e+000 -6.304149e+000
4.605577e+000 -7.055629e+000 -5.815814e+000
4.600738e+000 -7.074040e+000 -6.752444e+000
4.253551e-001 -5.812973e+000 -6.276693e+000
1.066717e+000 -5.590129e+000 -6.311061e+000
1.616618e+000 -5.195467e+000 -6.375469e+000
2.247281e+000 -4.941953e+000 -6.391129e+000
2.914944e+000 -4.815392e+000 -6.369515e+000
3.591702e+000 -4.870691e+000 -6.334592e+000
4.183629e+000 -5.198581e+000 -6.268880e+000
4.815767e+000 -5.447214e+000 -6.240176e+000
-1.569431e-001 -7.641267e+000 -5.643801e+000
-7.462843e-002 -7.657811e+000 -5.613399e+000
-3.419225e-004 -7.687925e+000 -5.574052e+000
8.663620e-002 -7.691258e+000 -5.554107e+000
3.472839e-001 -7.665178e+000 -5.487489e+000
5.938823e-001 -7.714629e+000 -5.388465e+000
8.570034e-001 -7.758496e+000 -5.344922e+000
1.271169e+000 -7.737691e+000 -5.359737e+000
1.680050e+000 -7.705561e+000 -5.422760e+000
2.086173e+000 -7.720005e+000 -5.506654e+000
-2.481594e-001 -7.644158e+000 -7.006464e+000
-1.761662e-001 -7.679065e+000 -6.980206e+000
-9.959988e-002 -7.714110e+000 -6.980078e+000
-1.560660e-002 -7.715044e+000 -6.986033e+000
2.729745e-001 -7.590037e+000 -7.101504e+000
6.018776e-001 -7.650774e+000 -7.120750e+000
9.362837e-001 -7.670094e+000 -7.127470e+000
1.325701e+000 -7.694742e+000 -7.108180e+000
1.712871e+000 -7.642773e+000 -7.105016e+000
2.094575e+000 -7.695769e+000 -7.040844e+000
