[individuals]
1
[dimensions]
3
[landmarks]
48
[rawpoints]
'#1
-1.712161e-001 1.806436e+001 -4.312005e+001
-6.797676e-002 1.683017e+001 -4.402486e+001
-3.597178e+000 1.925867e+001 -5.346800e+001
2.864692e+000 1.969119e+001 -5.356089e+001
-4.833545e-001 2.150572e+001 -5.439687e+001
-1.686351e+000 1.892933e+001 -4.779281e+001
1.311061e+000 1.915643e+001 -4.787910e+001
-3.186742e+000 1.993573e+001 -4.945218e+001
-1.717861e+000 1.804996e+001 -4.774471e+001
1.444178e+000 1.832891e+001 -4.790123e+001
2.531623e+000 2.022030e+001 -4.956865e+001
-1.273052e+000 1.871111e+001 -4.701449e+001
9.054857e-001 1.885000e+001 -4.711990e+001
-2.830440e+000 2.120996e+001 -5.440459e+001
1.845394e+000 2.129876e+001 -5.455539e+001
-2.544666e+000 2.258530e+001 -5.458654e+001
1.349275e+000 2.293834e+001 -5.434447e+001
-5.558151e-001 2.083943e+001 -5.553212e+001
-1.236265e+000 2.105276e+001 -5.476590e+001
2.327902e-001 2.130103e+001 -5.482641e+001
-1.338153e-001 1.616410e+001 -4.964056e+001
-1.135411e-001 1.633425e+001 -5.068308e+001
-7.560734e-002 1.640159e+001 -5.173676e+001
-5.358558e-002 1.649013e+001 -5.278933e+001
-8.341054e-002 1.680211e+001 -5.379829e+001
-1.568639e-001 1.731236e+001 -5.472050e+001
-2.659929e-001 1.805501e+001 -5.546403e+001
-3.727109e-001 1.880407e+001 -5.620134e+001
-1.311083e+000 1.915477e+001 -4.696233e+001
-1.425749e+000 1.917966e+001 -4.716370e+001
-1.520746e+000 1.924860e+001 -4.736505e+001
-1.624427e+000 1.937581e+001 -4.753053e+001
-1.728781e+000 1.941002e+001 -4.801019e+001
-1.886163e+000 1.966967e+001 -4.839741e+001
-1.935552e+000 1.991740e+001 -4.881969e+001
-1.943022e+000 2.006638e+001 -4.948108e+001
-1.831710e+000 2.026445e+001 -5.011990e+001
-1.700850e+000 2.057493e+001 -5.070827e+001
8.523365e-001 1.924666e+001 -4.700262e+001
9.584495e-001 1.934926e+001 -4.722178e+001
1.037286e+000 1.945720e+001 -4.744971e+001
1.112303e+000 1.960270e+001 -4.765714e+001
1.197544e+000 1.945169e+001 -4.816746e+001
1.250775e+000 1.984970e+001 -4.852695e+001
1.249931e+000 2.011070e+001 -4.899852e+001
1.206667e+000 2.031758e+001 -4.958540e+001
1.148993e+000 2.047025e+001 -5.018741e+001
9.870098e-001 2.073806e+001 -5.072698e+001
