[individuals]
1
[dimensions]
3
[landmarks]
48
[rawpoints]
'#1
6.888000e-001 4.024986e+000 -3.047967e+000
2.557585e+000 3.267295e+000 -3.346535e+000
2.696215e+000 -6.748621e+000 6.805939e-001
1.329852e+000 -7.374829e+000 -5.939920e+000
2.512528e-001 -8.691725e+000 -2.136317e+000
9.855338e-001 -1.217250e+000 -1.250375e+000
3.394779e-001 -1.310015e+000 -4.178257e+000
6.711525e-001 -3.058176e+000 4.249535e-001
2.125263e+000 -1.570319e+000 -1.146035e+000
1.543535e+000 -1.734639e+000 -4.702226e+000
-5.851288e-001 -3.409401e+000 -5.470094e+000
1.102829e+000 -8.058327e-001 -1.545583e+000
5.223415e-001 -9.003633e-001 -3.947497e+000
1.042741e+000 -8.241533e+000 4.333522e-001
-5.488720e-002 -8.878981e+000 -4.862418e+000
-9.017442e-001 -8.412462e+000 1.759400e-002
-1.692984e+000 -8.770638e+000 -3.769716e+000
1.092715e+000 -9.735575e+000 -2.370138e+000
9.707258e-001 -9.326097e+000 -1.296489e+000
6.785199e-001 -9.573280e+000 -3.039401e+000
4.101882e+000 -2.082780e+000 -3.412414e+000
4.294072e+000 -3.209434e+000 -3.363794e+000
4.414114e+000 -4.345250e+000 -3.299414e+000
4.657708e+000 -5.461782e+000 -3.248056e+000
4.729476e+000 -6.601048e+000 -3.172665e+000
4.532259e+000 -7.722832e+000 -3.066338e+000
4.104068e+000 -8.775851e+000 -2.937787e+000
3.703258e+000 -9.841556e+000 -2.826870e+000
7.076170e-001 -7.014625e-001 -1.477402e+000
6.674656e-001 -7.889243e-001 -1.462423e+000
6.270245e-001 -8.668160e-001 -1.420185e+000
5.905750e-001 -9.490799e-001 -1.382894e+000
7.583686e-001 -1.385670e+000 -1.216400e+000
5.662717e-001 -1.813655e+000 -1.053884e+000
4.322008e-001 -2.265786e+000 -8.987130e-001
3.121507e-001 -2.803373e+000 -7.961395e-001
1.785334e-001 -3.344440e+000 -7.364572e-001
5.520022e-002 -3.889830e+000 -7.043344e-001
1.354919e-001 -8.326902e-001 -3.825272e+000
8.444830e-002 -9.047518e-001 -3.825830e+000
6.506796e-002 -9.904574e-001 -3.834643e+000
4.317740e-002 -1.075311e+000 -3.845566e+000
1.738650e-001 -1.539275e+000 -3.954415e+000
-8.772410e-002 -1.954246e+000 -4.014340e+000
-2.320850e-001 -2.424675e+000 -4.059680e+000
-3.940291e-001 -2.966499e+000 -4.047188e+000
-4.402123e-001 -3.528667e+000 -4.004685e+000
-6.673018e-001 -4.038953e+000 -3.915324e+000
