[individuals]
1
[dimensions]
3
[landmarks]
48
[rawpoints]
'#1
4.192890e-001 1.915174e+001 -7.078618e+001
-1.443706e-001 1.756894e+001 -7.179659e+001
-2.882602e+000 1.992508e+001 -8.245713e+001
3.860667e+000 1.762931e+001 -8.256710e+001
1.370454e+000 2.066115e+001 -8.411616e+001
-9.731354e-001 1.964550e+001 -7.601243e+001
1.966046e+000 1.873053e+001 -7.590820e+001
-1.852275e+000 2.091396e+001 -7.816237e+001
-1.479910e+000 1.881422e+001 -7.616422e+001
1.978032e+000 1.778160e+001 -7.602101e+001
3.857533e+000 1.891069e+001 -7.799403e+001
-5.255679e-001 1.940703e+001 -7.523738e+001
1.501037e+000 1.873869e+001 -7.512709e+001
-1.108290e+000 2.173274e+001 -8.397945e+001
3.782104e+000 2.011420e+001 -8.370840e+001
-4.206921e-001 2.286924e+001 -8.359331e+001
3.891322e+000 2.157004e+001 -8.321871e+001
1.009977e+000 1.964323e+001 -8.549083e+001
4.027902e-001 2.032981e+001 -8.494653e+001
1.948914e+000 1.987586e+001 -8.482652e+001
-5.125725e-001 1.611708e+001 -7.761513e+001
-4.257529e-001 1.620067e+001 -7.881332e+001
-3.598976e-001 1.623585e+001 -8.001512e+001
-3.292950e-001 1.618647e+001 -8.121787e+001
-2.256443e-001 1.641479e+001 -8.239567e+001
-9.202202e-002 1.670755e+001 -8.355610e+001
1.783675e-001 1.745324e+001 -8.446206e+001
3.706683e-001 1.791170e+001 -8.555876e+001
-4.534373e-001 1.991212e+001 -7.528407e+001
-5.654465e-001 1.992558e+001 -7.547271e+001
-6.631171e-001 1.995578e+001 -7.566727e+001
-6.113006e-001 2.010845e+001 -7.581666e+001
-7.592384e-001 2.008464e+001 -7.629085e+001
-8.107208e-001 2.010869e+001 -7.678490e+001
-7.305843e-001 2.022276e+001 -7.726226e+001
-6.361223e-001 2.039038e+001 -7.793845e+001
-5.717332e-001 2.048388e+001 -7.863163e+001
-3.153545e-001 2.082206e+001 -7.919303e+001
1.690282e+000 1.919489e+001 -7.516343e+001
1.832618e+000 1.917047e+001 -7.536035e+001
1.943978e+000 1.918979e+001 -7.557682e+001
2.059894e+000 1.922941e+001 -7.578807e+001
2.104287e+000 1.908074e+001 -7.626048e+001
2.238275e+000 1.911851e+001 -7.673785e+001
2.314953e+000 1.927802e+001 -7.720254e+001
2.388198e+000 1.938634e+001 -7.788229e+001
2.417200e+000 1.949884e+001 -7.856470e+001
2.467487e+000 1.987810e+001 -7.914159e+001
