[individuals]
1
[dimensions]
3
[landmarks]
48
[rawpoints]
'#1
-5.438370e-001 7.480446e+000 -3.461994e-001
1.496185e+000 6.665365e+000 -2.210094e+000
4.614726e+000 -6.046853e+000 1.428549e+000
-1.218559e+000 -6.326881e+000 -4.626170e+000
2.269115e-001 -8.075292e+000 1.677805e-001
1.416074e+000 2.483837e+000 5.652897e-001
-1.278265e+000 2.129826e+000 -1.818107e+000
2.184474e+000 -6.601459e-001 2.747401e+000
2.501041e+000 1.550339e+000 3.711970e-002
-4.125565e-001 1.502990e+000 -2.985895e+000
-3.065361e+000 -9.849466e-001 -2.520088e+000
1.248414e+000 2.916291e+000 3.030052e-001
-9.508832e-001 2.788563e+000 -1.679167e+000
2.385005e+000 -7.696518e+000 2.324444e+000
-2.024948e+000 -8.080214e+000 -2.131289e+000
2.925191e-001 -7.498566e+000 3.227137e+000
-2.976685e+000 -7.858483e+000 -3.254295e-001
1.215950e+000 -9.113123e+000 -8.159631e-001
1.254104e+000 -8.727003e+000 5.543025e-001
-3.258240e-001 -8.933729e+000 -7.154533e-001
3.368506e+000 1.550255e-001 -3.546461e+000
3.558707e+000 -1.247824e+000 -3.641115e+000
3.719727e+000 -2.655677e+000 -3.713602e+000
3.953522e+000 -4.045685e+000 -3.875003e+000
3.984737e+000 -5.463545e+000 -3.834011e+000
3.846111e+000 -6.858096e+000 -3.612037e+000
3.479689e+000 -8.144312e+000 -3.138372e+000
3.023076e+000 -9.351751e+000 -2.549634e+000
6.642338e-001 3.103215e+000 8.189636e-001
7.213872e-001 2.970920e+000 8.454819e-001
7.632157e-001 2.831127e+000 8.589037e-001
8.042668e-001 2.691003e+000 8.712387e-001
1.057922e+000 2.094095e+000 9.016477e-001
1.177469e+000 1.487921e+000 1.101243e+000
1.161127e+000 8.624357e-001 1.274567e+000
1.326010e+000 3.609497e-002 1.439031e+000
1.092799e+000 -7.778496e-001 1.580278e+000
7.922379e-001 -1.565294e+000 1.743981e+000
-1.458730e+000 2.881766e+000 -1.247837e+000
-1.462624e+000 2.708930e+000 -1.317517e+000
-1.484518e+000 2.525811e+000 -1.344588e+000
-1.578199e+000 2.366845e+000 -1.318149e+000
-1.503254e+000 1.808751e+000 -1.569365e+000
-1.535813e+000 1.198291e+000 -1.649926e+000
-1.685726e+000 6.034193e-001 -1.587713e+000
-1.758590e+000 -2.567800e-001 -1.510715e+000
-1.834820e+000 -1.110527e+000 -1.382646e+000
-2.049489e+000 -1.890674e+000 -1.072029e+000
