[individuals]
1
[dimensions]
3
[landmarks]
48
[rawpoints]
'#1
-9.517095e-002 2.120962e+001 -4.532314e+001
3.953754e-002 1.920375e+001 -4.578378e+001
-3.544064e+000 1.912102e+001 -5.685153e+001
3.124246e+000 1.900963e+001 -5.699842e+001
-1.594264e-001 2.098150e+001 -5.837939e+001
-1.696507e+000 2.047314e+001 -5.038242e+001
1.669297e+000 2.033551e+001 -5.046079e+001
-2.790732e+000 2.059521e+001 -5.281340e+001
-1.899954e+000 1.958987e+001 -5.048543e+001
1.815697e+000 1.958296e+001 -5.058588e+001
2.750782e+000 2.067884e+001 -5.291973e+001
-1.344667e+000 2.041803e+001 -4.974990e+001
1.279296e+000 2.030058e+001 -4.979855e+001
-2.615958e+000 2.101147e+001 -5.811192e+001
2.319913e+000 2.075968e+001 -5.835891e+001
-2.203746e+000 2.241513e+001 -5.851473e+001
1.799065e+000 2.231700e+001 -5.869045e+001
-3.052674e-001 1.987974e+001 -5.937875e+001
-1.003582e+000 2.027432e+001 -5.904946e+001
6.264259e-001 2.021637e+001 -5.914902e+001
-9.718375e-002 1.667752e+001 -5.268322e+001
-9.707857e-002 1.663470e+001 -5.364076e+001
-1.007964e-001 1.652971e+001 -5.459349e+001
-1.171273e-001 1.648850e+001 -5.555103e+001
-1.475912e-001 1.657125e+001 -5.650548e+001
-1.831717e-001 1.677780e+001 -5.744080e+001
-2.192807e-001 1.726889e+001 -5.826318e+001
-2.466440e-001 1.755442e+001 -5.917785e+001
-1.334385e+000 2.098868e+001 -4.986607e+001
-1.464541e+000 2.095164e+001 -5.002433e+001
-1.513832e+000 2.094984e+001 -5.022662e+001
-1.548920e+000 2.097137e+001 -5.043074e+001
-1.657412e+000 2.067051e+001 -5.080199e+001
-1.740986e+000 2.069641e+001 -5.128411e+001
-1.777781e+000 2.079933e+001 -5.176177e+001
-1.774546e+000 2.095056e+001 -5.239161e+001
-1.762128e+000 2.101919e+001 -5.304012e+001
-1.699994e+000 2.126143e+001 -5.363292e+001
1.326185e+000 2.090505e+001 -4.977717e+001
1.379554e+000 2.092960e+001 -5.003304e+001
1.438398e+000 2.099078e+001 -5.028147e+001
1.479223e+000 2.091525e+001 -5.052956e+001
1.664471e+000 2.071257e+001 -5.090230e+001
1.751480e+000 2.076258e+001 -5.135426e+001
1.755743e+000 2.084800e+001 -5.180926e+001
1.741555e+000 2.092376e+001 -5.247918e+001
1.656844e+000 2.105756e+001 -5.313465e+001
1.537455e+000 2.123441e+001 -5.377435e+001
