[individuals]
1
[dimensions]
3
[landmarks]
48
[rawpoints]
'#1
-1.524724e-001 1.937770e+001 -7.057164e+001
-2.070566e-001 1.804178e+001 -7.081737e+001
-3.000942e+000 1.958967e+001 -7.825706e+001
2.331789e+000 1.963128e+001 -7.808228e+001
-3.716332e-001 2.089133e+001 -7.965010e+001
-1.410092e+000 1.976892e+001 -7.403084e+001
7.460442e-001 1.973533e+001 -7.406856e+001
-2.384578e+000 2.037983e+001 -7.526236e+001
-1.574678e+000 1.905490e+001 -7.412976e+001
7.797729e-001 1.899931e+001 -7.413187e+001
1.696202e+000 2.030500e+001 -7.531189e+001
-1.146986e+000 1.961732e+001 -7.371210e+001
5.727676e-001 1.957122e+001 -7.378651e+001
-2.234902e+000 2.105806e+001 -7.924133e+001
1.612847e+000 2.094908e+001 -7.926753e+001
-1.657191e+000 2.188749e+001 -7.945123e+001
9.948841e-001 2.180937e+001 -7.946159e+001
-3.847392e-001 1.992540e+001 -8.047890e+001
-1.033612e+000 2.041025e+001 -8.015015e+001
3.461810e-001 2.042186e+001 -8.013960e+001
-3.987893e-001 1.736050e+001 -7.514508e+001
-4.020185e-001 1.732540e+001 -7.597090e+001
-4.084176e-001 1.721990e+001 -7.679059e+001
-4.172122e-001 1.717125e+001 -7.761563e+001
-4.256063e-001 1.723743e+001 -7.843947e+001
-4.270107e-001 1.753978e+001 -7.920869e+001
-4.184450e-001 1.807500e+001 -7.983848e+001
-4.107437e-001 1.848541e+001 -8.055584e+001
-1.179477e+000 1.995365e+001 -7.366113e+001
-1.239599e+000 1.997125e+001 -7.372900e+001
-1.264119e+000 2.002349e+001 -7.380112e+001
-1.286647e+000 2.004140e+001 -7.388888e+001
-1.376822e+000 2.008840e+001 -7.420150e+001
-1.455873e+000 2.015601e+001 -7.451336e+001
-1.491886e+000 2.025993e+001 -7.482317e+001
-1.527147e+000 2.034880e+001 -7.524020e+001
-1.507888e+000 2.046615e+001 -7.565121e+001
-1.462942e+000 2.068161e+001 -7.601811e+001
5.401165e-001 1.984800e+001 -7.367735e+001
6.254787e-001 1.986736e+001 -7.377807e+001
6.650524e-001 1.993590e+001 -7.388550e+001
6.971836e-001 1.995353e+001 -7.401380e+001
7.630858e-001 2.003064e+001 -7.428031e+001
8.195814e-001 2.008599e+001 -7.455429e+001
8.395098e-001 2.019548e+001 -7.481684e+001
8.540047e-001 2.032266e+001 -7.526195e+001
8.311945e-001 2.044397e+001 -7.570831e+001
7.668604e-001 2.068193e+001 -7.610040e+001
