[individuals]
1
[dimensions]
3
[landmarks]
48
[rawpoints]
'#1
4.647534e-001 1.912548e+001 -7.570017e+001
4.886270e-001 1.728801e+001 -7.648988e+001
-2.970805e+000 1.893362e+001 -8.675819e+001
3.914311e+000 1.888098e+001 -8.702418e+001
5.390951e-001 2.101001e+001 -8.865057e+001
-9.247177e-001 1.922408e+001 -8.060082e+001
1.745334e+000 1.924196e+001 -8.066792e+001
-2.366364e+000 2.032312e+001 -8.276937e+001
-1.236578e+000 1.843464e+001 -8.104987e+001
2.125823e+000 1.848153e+001 -8.103709e+001
3.304167e+000 2.033211e+001 -8.272609e+001
-5.934185e-001 1.907821e+001 -8.010406e+001
1.488675e+000 1.913740e+001 -8.019286e+001
-1.938198e+000 2.115015e+001 -8.843948e+001
3.149531e+000 2.132432e+001 -8.840708e+001
-1.369071e+000 2.231826e+001 -8.839714e+001
2.364721e+000 2.249954e+001 -8.799123e+001
5.611194e-001 1.999474e+001 -8.975052e+001
-2.799405e-001 2.043615e+001 -8.942851e+001
1.299999e+000 2.043913e+001 -8.942159e+001
4.902115e-001 1.618902e+001 -8.293110e+001
4.890010e-001 1.620808e+001 -8.395959e+001
5.023108e-001 1.613340e+001 -8.498545e+001
5.438570e-001 1.614048e+001 -8.601327e+001
5.966216e-001 1.625860e+001 -8.703374e+001
6.382924e-001 1.650201e+001 -8.803237e+001
6.004804e-001 1.705865e+001 -8.889655e+001
5.789797e-001 1.739577e+001 -8.986812e+001
-6.032621e-001 1.953756e+001 -8.001393e+001
-6.918970e-001 1.953498e+001 -8.014323e+001
-7.754918e-001 1.960573e+001 -8.025542e+001
-8.090094e-001 1.967570e+001 -8.039165e+001
-9.122391e-001 1.974032e+001 -8.086259e+001
-9.898238e-001 1.986358e+001 -8.132670e+001
-1.025372e+000 2.002669e+001 -8.178359e+001
-1.041248e+000 2.012369e+001 -8.232524e+001
-1.015785e+000 2.022987e+001 -8.286482e+001
-9.613911e-001 2.046932e+001 -8.335753e+001
1.437888e+000 1.948760e+001 -8.008781e+001
1.565633e+000 1.940115e+001 -8.019324e+001
1.644269e+000 1.951167e+001 -8.032176e+001
1.687284e+000 1.963307e+001 -8.045716e+001
1.787546e+000 1.971076e+001 -8.087622e+001
1.861404e+000 1.986943e+001 -8.127755e+001
1.899887e+000 2.003724e+001 -8.168013e+001
1.955715e+000 2.014577e+001 -8.225570e+001
1.970565e+000 2.024943e+001 -8.283466e+001
1.947383e+000 2.049112e+001 -8.337059e+001
