[individuals]
1
[dimensions]
3
[landmarks]
48
[rawpoints]
'#1
7.882156e-002 -2.123193e+001 -5.757802e+000
-1.769621e-001 -1.827291e+001 -6.557770e+000
4.216496e+000 -1.917530e+001 -2.022556e+001
-4.361101e+000 -1.939679e+001 -2.018010e+001
7.937479e-002 -2.178979e+001 -2.276463e+001
1.830734e+000 -2.172943e+001 -1.150662e+001
-1.851281e+000 -2.161763e+001 -1.149823e+001
3.901852e+000 -2.176948e+001 -1.485697e+001
2.186408e+000 -2.027671e+001 -1.216292e+001
-2.161880e+000 -2.027545e+001 -1.206993e+001
-3.784070e+000 -2.197515e+001 -1.474939e+001
1.644456e+000 -2.143708e+001 -1.125343e+001
-1.535631e+000 -2.138984e+001 -1.124924e+001
3.262077e+000 -2.120567e+001 -2.221869e+001
-3.267523e+000 -2.173347e+001 -2.205368e+001
2.536426e+000 -2.376752e+001 -2.263467e+001
-2.755680e+000 -2.385979e+001 -2.252514e+001
-5.450952e-003 -2.026025e+001 -2.384617e+001
1.001792e+000 -2.104001e+001 -2.376309e+001
-1.083189e+000 -2.091445e+001 -2.370883e+001
-1.242658e-001 -1.643168e+001 -1.340601e+001
-8.261014e-002 -1.612018e+001 -1.486466e+001
-4.375531e-002 -1.587638e+001 -1.633626e+001
-4.856509e-002 -1.610702e+001 -1.781049e+001
-3.578438e-002 -1.615881e+001 -1.930163e+001
-2.238973e-002 -1.625957e+001 -2.079031e+001
-8.702050e-002 -1.689560e+001 -2.213856e+001
-1.246655e-001 -1.733358e+001 -2.356446e+001
1.655778e+000 -2.179152e+001 -1.095253e+001
1.722048e+000 -2.183561e+001 -1.107952e+001
1.808353e+000 -2.192829e+001 -1.115968e+001
1.864202e+000 -2.199422e+001 -1.128214e+001
2.026048e+000 -2.217186e+001 -1.188545e+001
2.141645e+000 -2.226391e+001 -1.251784e+001
2.214618e+000 -2.236000e+001 -1.315594e+001
2.304827e+000 -2.221681e+001 -1.401863e+001
2.223618e+000 -2.240396e+001 -1.487382e+001
2.094009e+000 -2.277189e+001 -1.566166e+001
-1.499929e+000 -2.177008e+001 -1.089057e+001
-1.620038e+000 -2.183538e+001 -1.102011e+001
-1.648818e+000 -2.196125e+001 -1.115722e+001
-1.687515e+000 -2.199792e+001 -1.133787e+001
-1.800228e+000 -2.217291e+001 -1.191266e+001
-1.889227e+000 -2.232938e+001 -1.249685e+001
-1.979366e+000 -2.242055e+001 -1.309456e+001
-2.130801e+000 -2.239210e+001 -1.394626e+001
-2.210206e+000 -2.260287e+001 -1.479989e+001
-2.103612e+000 -2.294846e+001 -1.556813e+001
