[individuals]
1
[dimensions]
3
[landmarks]
48
[rawpoints]
'#1
-1.258528e+000 -8.477381e+000 -9.793427e+000
-1.323133e+000 -6.812961e+000 -9.905848e+000
1.801697e-001 -6.385767e+000 -5.786896e-001
5.327144e+000 -6.079947e+000 -3.193594e+000
3.599025e+000 -7.452123e+000 -2.938766e-001
-5.772713e-001 -7.895486e+000 -5.560842e+000
1.799663e+000 -7.880260e+000 -6.767430e+000
-6.546268e-001 -8.420953e+000 -3.514413e+000
-8.576794e-001 -6.711743e+000 -5.500239e+000
1.768465e+000 -6.550228e+000 -7.014562e+000
3.630171e+000 -8.270818e+000 -5.708434e+000
-6.146019e-001 -7.745070e+000 -6.114549e+000
1.325184e+000 -7.776263e+000 -7.065248e+000
1.663274e+000 -7.441976e+000 5.334759e-001
5.481660e+000 -7.316553e+000 -1.488332e+000
2.255455e+000 -8.497091e+000 6.010674e-001
5.163509e+000 -8.441488e+000 -9.711361e-001
3.907535e+000 -6.288491e+000 2.840698e-001
3.151271e+000 -6.959673e+000 4.656918e-001
4.558007e+000 -6.837465e+000 -2.714153e-001
7.932436e-001 -4.446954e+000 -5.540125e+000
1.175899e+000 -4.255888e+000 -4.709144e+000
1.569278e+000 -4.090923e+000 -3.877568e+000
1.942285e+000 -3.844729e+000 -3.056766e+000
2.347333e+000 -3.701918e+000 -2.226713e+000
2.790313e+000 -3.746103e+000 -1.404964e+000
3.235334e+000 -3.956650e+000 -6.105089e-001
3.678586e+000 -4.281802e+000 1.452911e-001
-5.692424e-001 -8.165514e+000 -6.147602e+000
-5.362207e-001 -8.207276e+000 -5.985082e+000
-5.294300e-001 -8.299279e+000 -5.841075e+000
-4.607026e-001 -8.285494e+000 -5.685075e+000
-3.216643e-001 -8.219276e+000 -5.306835e+000
-2.115861e-001 -8.269190e+000 -4.916741e+000
-5.823530e-002 -8.322089e+000 -4.541951e+000
1.614088e-001 -8.233580e+000 -4.065724e+000
4.201756e-001 -8.155406e+000 -3.607655e+000
7.404549e-001 -8.263867e+000 -3.197115e+000
1.310809e+000 -8.063221e+000 -7.067782e+000
1.438209e+000 -8.108616e+000 -7.016324e+000
1.510641e+000 -8.203027e+000 -6.933984e+000
1.598366e+000 -8.243281e+000 -6.826169e+000
1.823287e+000 -8.109721e+000 -6.465470e+000
2.102598e+000 -8.181677e+000 -6.125878e+000
2.353046e+000 -8.216546e+000 -5.759027e+000
2.597125e+000 -8.180498e+000 -5.304581e+000
2.814725e+000 -8.058732e+000 -4.851562e+000
3.024504e+000 -8.201426e+000 -4.400993e+000
