[individuals]
1
[dimensions]
3
[landmarks]
48
[rawpoints]
'#1
-2.794416e+000 -9.748674e+000 -8.845662e+000
-2.789701e+000 -7.680212e+000 -8.813766e+000
1.146896e-001 -4.874233e+000 2.566061e+000
6.303751e+000 -4.787488e+000 -1.463947e+000
4.257333e+000 -6.338005e+000 2.812939e+000
-1.175521e+000 -7.763237e+000 -3.870291e+000
1.201705e+000 -7.535169e+000 -5.380281e+000
-1.297133e+000 -7.631905e+000 -9.633730e-001
-1.436344e+000 -6.346637e+000 -3.378751e+000
1.660838e+000 -6.344931e+000 -5.373253e+000
3.767253e+000 -7.500835e+000 -4.150499e+000
-1.214218e+000 -7.592845e+000 -4.369017e+000
7.295254e-001 -7.553919e+000 -5.630136e+000
2.049091e+000 -6.581651e+000 4.320105e+000
6.732411e+000 -6.602155e+000 1.253092e+000
2.860301e+000 -8.068271e+000 4.094275e+000
6.353999e+000 -7.853105e+000 1.893586e+000
4.724240e+000 -4.748388e+000 3.412528e+000
3.854288e+000 -5.625489e+000 3.645417e+000
5.455034e+000 -5.379631e+000 2.754457e+000
-1.934925e-001 -3.899429e+000 -4.862204e+000
4.350417e-001 -3.562953e+000 -3.779031e+000
1.028342e+000 -3.111863e+000 -2.717694e+000
1.568172e+000 -2.509250e+000 -1.704205e+000
2.183477e+000 -2.079191e+000 -6.466567e-001
2.880938e+000 -1.989505e+000 4.428993e-001
3.601617e+000 -2.166462e+000 1.506454e+000
4.306961e+000 -2.501570e+000 2.541734e+000
-1.243295e+000 -8.065384e+000 -4.378209e+000
-1.213366e+000 -8.005153e+000 -4.209246e+000
-1.183233e+000 -8.105391e+000 -4.060527e+000
-1.102265e+000 -8.086447e+000 -3.898787e+000
-8.288180e-001 -7.795885e+000 -3.516653e+000
-7.015300e-001 -7.837771e+000 -2.980712e+000
-4.940578e-001 -7.824219e+000 -2.468847e+000
-2.525292e-001 -7.784429e+000 -1.956606e+000
-3.176960e-003 -7.778506e+000 -1.446633e+000
3.115276e-001 -7.904181e+000 -9.911321e-001
7.392153e-001 -7.950037e+000 -5.680970e+000
8.032342e-001 -7.894370e+000 -5.546046e+000
9.180063e-001 -7.938558e+000 -5.444664e+000
1.044084e+000 -8.014780e+000 -5.383857e+000
1.406299e+000 -7.841869e+000 -5.028792e+000
1.789929e+000 -7.848871e+000 -4.654714e+000
2.137538e+000 -7.800488e+000 -4.249730e+000
2.487208e+000 -7.660557e+000 -3.771085e+000
2.772821e+000 -7.635783e+000 -3.233694e+000
3.060694e+000 -7.739814e+000 -2.707147e+000
