[individuals]
1
[dimensions]
3
[landmarks]
48
[rawpoints]
'#1
-2.588670e+000 -7.440268e+000 -2.522173e+000
-2.444235e+000 -6.447595e+000 -2.498978e+000
3.650121e+000 -6.274564e+000 -5.514549e-001
3.398540e+000 -6.364931e+000 -4.731515e+000
5.156514e+000 -7.186182e+000 -2.677763e+000
7.194650e-002 -7.143682e+000 -1.639272e+000
-1.495607e-001 -7.220992e+000 -3.267736e+000
1.385757e+000 -7.400125e+000 -8.656772e-001
5.137897e-001 -6.559265e+000 -1.368529e+000
4.434401e-001 -6.565191e+000 -3.769712e+000
1.392882e+000 -7.423808e+000 -4.341047e+000
-2.424501e-001 -7.088412e+000 -1.923101e+000
-3.369415e-001 -7.080073e+000 -3.132772e+000
5.099545e+000 -6.900375e+000 -1.098476e+000
4.827953e+000 -7.060903e+000 -4.204193e+000
5.148022e+000 -8.096853e+000 -1.484709e+000
5.256753e+000 -8.088440e+000 -4.004362e+000
5.658358e+000 -6.505189e+000 -2.659132e+000
5.521533e+000 -6.737573e+000 -2.193174e+000
5.399806e+000 -6.756454e+000 -3.208259e+000
6.887979e-001 -5.099942e+000 -2.597198e+000
1.352975e+000 -4.929761e+000 -2.594176e+000
1.987716e+000 -4.670793e+000 -2.587974e+000
2.656464e+000 -4.519886e+000 -2.595498e+000
3.340168e+000 -4.469143e+000 -2.600538e+000
4.025186e+000 -4.493145e+000 -2.615534e+000
4.656964e+000 -4.759228e+000 -2.625028e+000
5.309075e+000 -4.970792e+000 -2.631390e+000
-3.477479e-001 -7.383742e+000 -1.911814e+000
-2.690297e-001 -7.427344e+000 -1.914718e+000
-1.870801e-001 -7.453340e+000 -1.887985e+000
-1.007028e-001 -7.429862e+000 -1.878290e+000
1.816294e-001 -7.343100e+000 -1.781839e+000
4.778233e-001 -7.352357e+000 -1.688428e+000
7.760107e-001 -7.426288e+000 -1.641928e+000
1.136365e+000 -7.493552e+000 -1.626357e+000
1.495388e+000 -7.568889e+000 -1.633413e+000
1.849744e+000 -7.658450e+000 -1.665540e+000
-3.812588e-001 -7.314897e+000 -3.134704e+000
-3.142062e-001 -7.369301e+000 -3.157269e+000
-2.417071e-001 -7.412421e+000 -3.186410e+000
-1.600443e-001 -7.381152e+000 -3.204256e+000
8.971432e-002 -7.293622e+000 -3.292313e+000
3.522038e-001 -7.296144e+000 -3.386592e+000
6.211702e-001 -7.337541e+000 -3.447741e+000
9.651269e-001 -7.449165e+000 -3.483156e+000
1.318905e+000 -7.517934e+000 -3.529351e+000
1.659340e+000 -7.644093e+000 -3.543715e+000
