[individuals]
1
[dimensions]
3
[landmarks]
48
[rawpoints]
'#1
1.798249e+003 2.352427e+003 7.879852e+003
2.674545e+003 2.360279e+003 7.824529e+003
2.394045e+003 3.541879e+002 2.450813e+003
2.179522e+003 4.260421e+003 2.354522e+003
1.215363e+003 2.215075e+003 1.349519e+003
1.820838e+003 1.494893e+003 5.603676e+003
1.713256e+003 3.082052e+003 5.563982e+003
1.509760e+003 8.041976e+002 4.431647e+003
2.253875e+003 1.265481e+003 5.347457e+003
2.153309e+003 3.400208e+003 5.287844e+003
1.284442e+003 3.748477e+003 4.394606e+003
1.891175e+003 1.658797e+003 5.785937e+003
1.810698e+003 2.923386e+003 5.722458e+003
1.448382e+003 7.260760e+002 1.352360e+003
1.311494e+003 3.740497e+003 1.286077e+003
6.777677e+002 1.057812e+003 1.495132e+003
5.445378e+002 3.306731e+003 1.474271e+003
1.842783e+003 2.240270e+003 5.228600e+002
1.549923e+003 1.696739e+003 8.688198e+002
1.535735e+003 2.784536e+003 8.705652e+002
3.544151e+003 2.387586e+003 5.177465e+003
3.713628e+003 2.421630e+003 4.513896e+003
3.988872e+003 2.468336e+003 3.887585e+003
4.140534e+003 2.477990e+003 3.218973e+003
4.124339e+003 2.455525e+003 2.533836e+003
3.982987e+003 2.414584e+003 1.864114e+003
3.614076e+003 2.351541e+003 1.289560e+003
3.336344e+003 2.322369e+003 6.633269e+002
1.670447e+003 1.698551e+003 5.830620e+003
1.649617e+003 1.625270e+003 5.809819e+003
1.626589e+003 1.577497e+003 5.751302e+003
1.581218e+003 1.566538e+003 5.687596e+003
1.559630e+003 1.511807e+003 5.445108e+003
1.509202e+003 1.476613e+003 5.203275e+003
1.456099e+003 1.466281e+003 4.959689e+003
1.477792e+003 1.444101e+003 4.616922e+003
1.503278e+003 1.474871e+003 4.275075e+003
1.326333e+003 1.498946e+003 3.980846e+003
1.642528e+003 2.908539e+003 5.815010e+003
1.607483e+003 2.962275e+003 5.760582e+003
1.553180e+003 2.991590e+003 5.703396e+003
1.523035e+003 3.011627e+003 5.627445e+003
1.491936e+003 3.067072e+003 5.400645e+003
1.440012e+003 3.104686e+003 5.173985e+003
1.378259e+003 3.107619e+003 4.946706e+003
1.393296e+003 3.120648e+003 4.593009e+003
1.407825e+003 3.083043e+003 4.241068e+003
1.244586e+003 3.009097e+003 3.935494e+003
