[individuals]
1
[dimensions]
3
[landmarks]
48
[rawpoints]
'#1
2.569920e+003 2.669101e+003 8.061323e+003
1.795614e+003 2.569580e+003 7.623866e+003
2.319901e+003 4.689344e+003 2.282755e+003
2.833007e+003 8.453699e+002 2.276691e+003
3.592092e+003 2.887201e+003 1.213587e+003
2.733393e+003 3.551661e+003 5.450220e+003
2.951924e+003 1.950795e+003 5.531539e+003
3.131104e+003 4.350006e+003 4.372511e+003
2.193418e+003 3.681298e+003 5.253228e+003
2.632284e+003 1.750502e+003 5.364535e+003
3.547690e+003 1.347156e+003 4.387962e+003
2.677842e+003 3.434097e+003 5.661391e+003
2.899514e+003 2.102072e+003 5.703377e+003
3.206478e+003 4.410127e+003 1.239547e+003
3.670782e+003 1.389945e+003 1.238259e+003
4.008265e+003 4.179227e+003 1.304361e+003
4.320729e+003 1.900044e+003 1.351501e+003
2.992360e+003 2.823479e+003 3.816098e+002
3.276723e+003 3.453712e+003 7.324434e+002
3.412833e+003 2.315875e+003 7.312933e+002
1.067243e+003 2.540654e+003 5.124684e+003
9.622355e+002 2.523956e+003 4.417593e+003
7.283411e+002 2.489092e+003 3.742741e+003
5.997015e+002 2.473578e+003 3.039527e+003
6.337161e+002 2.484825e+003 2.325316e+003
8.382455e+002 2.513913e+003 1.640744e+003
1.273961e+003 2.584696e+003 1.078193e+003
1.591163e+003 2.627999e+003 4.388342e+002
2.895226e+003 3.505536e+003 5.685107e+003
2.898307e+003 3.536546e+003 5.621465e+003
2.942193e+003 3.554796e+003 5.568841e+003
2.964400e+003 3.560802e+003 5.501795e+003
3.023958e+003 3.611055e+003 5.266995e+003
3.102686e+003 3.644931e+003 5.034923e+003
3.154968e+003 3.666266e+003 4.794064e+003
3.181611e+003 3.657999e+003 4.468106e+003
3.109841e+003 3.671241e+003 4.148812e+003
3.239779e+003 3.604241e+003 3.855777e+003
3.044371e+003 2.191015e+003 5.726654e+003
3.089794e+003 2.127355e+003 5.698739e+003
3.112905e+003 2.077247e+003 5.636694e+003
3.157397e+003 2.092151e+003 5.568186e+003
3.188732e+003 2.040334e+003 5.309463e+003
3.275278e+003 2.054348e+003 5.058617e+003
3.321813e+003 2.053170e+003 4.797007e+003
3.311917e+003 2.068196e+003 4.490140e+003
3.315363e+003 2.104973e+003 4.184968e+003
3.452408e+003 2.107779e+003 3.909819e+003
