[individuals]
1
[dimensions]
3
[landmarks]
48
[rawpoints]
'#1
-2.549736e+000 -8.247183e+000 -5.214046e+000
-2.547028e+000 -7.095202e+000 -5.151892e+000
3.627801e+000 -6.544571e+000 -8.197914e-001
5.097409e+000 -6.319051e+000 -5.381114e+000
5.779094e+000 -7.458799e+000 -2.659336e+000
-6.788560e-002 -7.598555e+000 -3.502655e+000
5.785347e-001 -7.450714e+000 -5.285638e+000
1.305800e+000 -7.800729e+000 -2.057667e+000
4.615479e-001 -6.614369e+000 -3.094480e+000
1.009793e+000 -6.530315e+000 -5.270972e+000
2.456673e+000 -7.673296e+000 -5.674406e+000
-4.711924e-001 -7.708692e+000 -3.852987e+000
8.840990e-002 -7.518907e+000 -5.222244e+000
5.021430e+000 -7.576265e+000 -1.083050e+000
6.138075e+000 -7.399570e+000 -4.535851e+000
5.143548e+000 -8.552031e+000 -1.699267e+000
5.751129e+000 -8.485207e+000 -3.893881e+000
6.477033e+000 -6.538484e+000 -2.513559e+000
6.042007e+000 -6.974692e+000 -1.979661e+000
6.356905e+000 -7.037299e+000 -3.139522e+000
1.312606e+000 -5.293463e+000 -3.954108e+000
2.023180e+000 -5.057594e+000 -3.687781e+000
2.677579e+000 -4.687358e+000 -3.430524e+000
3.388299e+000 -4.441272e+000 -3.174040e+000
4.143043e+000 -4.412494e+000 -2.927033e+000
4.886625e+000 -4.575655e+000 -2.698960e+000
5.560981e+000 -4.948773e+000 -2.505213e+000
6.250017e+000 -5.284279e+000 -2.295062e+000
-4.814276e-001 -7.981575e+000 -3.873641e+000
-3.662181e-001 -8.010696e+000 -3.812696e+000
-2.487251e-001 -8.019541e+000 -3.749824e+000
-1.336945e-001 -8.007929e+000 -3.682975e+000
7.476719e-002 -7.767992e+000 -3.382733e+000
4.604094e-001 -7.747978e+000 -3.177623e+000
8.555678e-001 -7.795469e+000 -2.996604e+000
1.298824e+000 -7.821930e+000 -2.861615e+000
1.756399e+000 -7.834840e+000 -2.785143e+000
2.206848e+000 -7.944092e+000 -2.761457e+000
1.970319e-001 -7.884875e+000 -5.311116e+000
3.112547e-001 -7.875297e+000 -5.361117e+000
4.326758e-001 -7.851569e+000 -5.342879e+000
5.506310e-001 -7.817112e+000 -5.319662e+000
8.818760e-001 -7.608759e+000 -5.324214e+000
1.229128e+000 -7.428357e+000 -5.331495e+000
1.562258e+000 -7.597098e+000 -5.214448e+000
1.997275e+000 -7.679588e+000 -5.062306e+000
2.420104e+000 -7.767432e+000 -4.881463e+000
2.816209e+000 -7.909631e+000 -4.676356e+000
