[individuals]
1
[dimensions]
3
[landmarks]
48
[rawpoints]
'#1
-3.306320e+000 -7.439111e+000 -1.661261e+000
-3.201498e+000 -6.274682e+000 -1.649837e+000
4.704258e+000 -6.506509e+000 1.789658e-001
4.198440e+000 -6.343122e+000 -5.086714e+000
5.942756e+000 -7.638977e+000 -2.650491e+000
6.870120e-002 -6.991435e+000 -8.227859e-001
-1.812839e-001 -6.913547e+000 -3.151509e+000
1.724190e+000 -7.225577e+000 -1.453053e-001
2.938507e-001 -6.170214e+000 -7.789145e-001
-1.901960e-002 -6.036974e+000 -3.209180e+000
1.279060e+000 -7.133128e+000 -4.136724e+000
-5.645548e-001 -6.880118e+000 -1.085174e+000
-6.631569e-001 -6.884070e+000 -2.788173e+000
6.020657e+000 -7.594682e+000 -6.066165e-001
5.520001e+000 -7.529774e+000 -4.623932e+000
5.954480e+000 -8.473661e+000 -1.196346e+000
5.686593e+000 -8.480403e+000 -4.069720e+000
6.692320e+000 -6.858946e+000 -2.723752e+000
6.397586e+000 -7.194562e+000 -2.062697e+000
6.243363e+000 -7.128856e+000 -3.286097e+000
6.588863e-001 -4.725188e+000 -1.998319e+000
1.543605e+000 -4.532627e+000 -2.062243e+000
2.402059e+000 -4.244538e+000 -2.125155e+000
3.271342e+000 -3.995887e+000 -2.205072e+000
4.173362e+000 -3.973480e+000 -2.304314e+000
5.048191e+000 -4.193672e+000 -2.404616e+000
5.832002e+000 -4.644162e+000 -2.485408e+000
6.625684e+000 -5.079408e+000 -2.552614e+000
-5.149930e-001 -7.275302e+000 -1.020349e+000
-3.754614e-001 -7.279531e+000 -9.540485e-001
-2.216630e-001 -7.272878e+000 -9.404368e-001
-6.788960e-002 -7.288114e+000 -9.378682e-001
2.994834e-001 -7.235062e+000 -8.970941e-001
6.615120e-001 -7.325104e+000 -9.135561e-001
1.033571e+000 -7.353606e+000 -9.278035e-001
1.507519e+000 -7.377708e+000 -9.678609e-001
1.964352e+000 -7.459700e+000 -1.074624e+000
2.397134e+000 -7.604090e+000 -1.211256e+000
-7.084743e-001 -7.175696e+000 -2.870647e+000
-5.766935e-001 -7.186452e+000 -2.980992e+000
-4.159746e-001 -7.200456e+000 -3.041252e+000
-2.578312e-001 -7.222665e+000 -3.105714e+000
6.176058e-002 -7.047685e+000 -3.029639e+000
3.903982e-001 -7.118053e+000 -3.189632e+000
7.463033e-001 -7.218475e+000 -3.232051e+000
1.250551e+000 -7.279077e+000 -3.287736e+000
1.753222e+000 -7.345774e+000 -3.350064e+000
2.237363e+000 -7.507791e+000 -3.370044e+000
