[individuals]
1
[dimensions]
3
[landmarks]
48
[rawpoints]
'#1
-7.108097e-001 3.132332e-001 5.616173e+000
-4.563957e-001 -8.860588e-001 5.091319e+000
-2.674404e+000 -2.467316e-001 -3.252626e+000
2.724609e+000 4.065852e-002 -3.006334e+000
8.738212e-002 1.538263e+000 -4.557368e+000
-1.381719e+000 1.063729e-001 2.148454e+000
8.468264e-001 2.624408e-001 2.198584e+000
-2.458847e+000 5.429306e-001 2.763128e-001
-1.570182e+000 -6.682720e-001 1.387628e+000
1.148767e+000 -4.478680e-001 1.590966e+000
2.034316e+000 7.309936e-001 5.825580e-001
-1.206319e+000 2.377949e-002 2.753977e+000
6.014339e-001 1.367495e-001 2.766902e+000
-2.091740e+000 1.183489e+000 -4.308064e+000
2.107025e+000 1.444446e+000 -3.968915e+000
-1.654980e+000 2.324402e+000 -4.445586e+000
1.549515e+000 2.535030e+000 -4.157706e+000
1.949067e-001 5.408891e-001 -5.545109e+000
-5.588450e-001 9.146584e-001 -5.161510e+000
9.027096e-001 1.010040e+000 -5.039285e+000
-8.505134e-002 -2.034224e+000 3.158075e-001
-2.710664e-002 -2.113608e+000 -6.331709e-001
2.986886e-002 -2.376350e+000 -1.548584e+000
8.450613e-002 -2.411623e+000 -2.500344e+000
1.262673e-001 -2.223102e+000 -3.434636e+000
1.565829e-001 -1.778144e+000 -4.278060e+000
1.875793e-001 -1.149508e+000 -4.994963e+000
2.335464e-001 -6.370283e-001 -5.798350e+000
-1.244448e+000 3.599911e-001 2.784515e+000
-1.291434e+000 4.317431e-001 2.633316e+000
-1.326540e+000 4.526715e-001 2.454774e+000
-1.356242e+000 4.552065e-001 2.273282e+000
-1.454191e+000 3.492726e-001 1.907609e+000
-1.515798e+000 2.826896e-001 1.525098e+000
-1.517116e+000 3.987812e-001 1.149524e+000
-1.511187e+000 4.896530e-001 6.474874e-001
-1.465649e+000 7.001631e-001 1.849606e-001
-1.407508e+000 9.426648e-001 -2.601831e-001
6.396548e-001 5.079849e-001 2.795431e+000
6.495506e-001 5.049957e-001 2.627021e+000
6.993074e-001 5.341676e-001 2.468463e+000
7.626661e-001 6.050221e-001 2.329053e+000
8.700511e-001 5.539761e-001 1.974826e+000
1.000286e+000 4.643430e-001 1.636144e+000
1.043438e+000 5.387928e-001 1.272744e+000
1.072291e+000 6.563938e-001 7.971355e-001
1.066243e+000 8.099392e-001 3.310394e-001
1.018673e+000 1.045147e+000 -9.708092e-002
