[individuals]
1
[dimensions]
3
[landmarks]
48
[rawpoints]
'#1
3.051578e-001 1.983286e+001 -2.998599e+001
3.713002e-002 1.871169e+001 -3.047719e+001
-2.657348e+000 2.009629e+001 -3.798863e+001
2.623839e+000 1.924686e+001 -3.816784e+001
1.850135e-001 2.118882e+001 -3.941420e+001
-9.385732e-001 2.005822e+001 -3.346558e+001
1.338003e+000 1.962452e+001 -3.363644e+001
-1.841634e+000 2.051598e+001 -3.480340e+001
-1.199465e+000 1.940451e+001 -3.360177e+001
1.362193e+000 1.904866e+001 -3.366885e+001
2.252284e+000 1.976120e+001 -3.497586e+001
-6.894041e-001 1.980657e+001 -3.293932e+001
1.072822e+000 1.947074e+001 -3.303997e+001
-1.837728e+000 2.130247e+001 -3.924522e+001
2.091612e+000 2.055368e+001 -3.942329e+001
-1.262413e+000 2.200543e+001 -3.927474e+001
1.801095e+000 2.150346e+001 -3.934028e+001
-8.930350e-003 2.046415e+001 -4.043230e+001
-5.868809e-001 2.092439e+001 -3.999392e+001
7.418745e-001 2.068113e+001 -3.998858e+001
-3.484650e-001 1.754341e+001 -3.471763e+001
-4.034615e-001 1.738049e+001 -3.563659e+001
-4.767286e-001 1.714793e+001 -3.653913e+001
-5.129992e-001 1.709872e+001 -3.747203e+001
-5.161489e-001 1.726427e+001 -3.839216e+001
-4.805486e-001 1.759797e+001 -3.926481e+001
-3.686970e-001 1.826259e+001 -3.991275e+001
-3.092986e-001 1.870456e+001 -4.073444e+001
-6.550056e-001 2.016692e+001 -3.289791e+001
-7.369551e-001 2.019102e+001 -3.306748e+001
-7.858472e-001 2.024897e+001 -3.324155e+001
-8.288928e-001 2.028752e+001 -3.342242e+001
-9.506955e-001 2.027375e+001 -3.379936e+001
-1.047071e+000 2.039350e+001 -3.416470e+001
-1.062977e+000 2.052304e+001 -3.453896e+001
-1.117062e+000 2.055510e+001 -3.501212e+001
-1.068410e+000 2.061964e+001 -3.548252e+001
-9.189909e-001 2.078933e+001 -3.590290e+001
1.142992e+000 1.986567e+001 -3.299485e+001
1.223947e+000 1.987116e+001 -3.314769e+001
1.259976e+000 1.990837e+001 -3.331280e+001
1.324990e+000 1.995571e+001 -3.346601e+001
1.325483e+000 1.987339e+001 -3.388334e+001
1.434446e+000 1.994162e+001 -3.428883e+001
1.471769e+000 2.007098e+001 -3.469234e+001
1.458913e+000 2.013926e+001 -3.516667e+001
1.407474e+000 2.020000e+001 -3.563942e+001
1.339798e+000 2.042336e+001 -3.605817e+001
