[individuals]
1
[dimensions]
3
[landmarks]
48
[rawpoints]
'#1
6.123408e+000 -7.977242e+000 -6.484884e+000
5.966380e+000 -6.847112e+000 -6.232844e+000
-2.123466e+000 -6.468581e+000 -6.858424e+000
-2.862543e-001 -7.426219e+000 -1.682421e+000
-2.729492e+000 -8.163334e+000 -4.014071e+000
2.405235e+000 -7.641214e+000 -6.590361e+000
3.016210e+000 -8.007212e+000 -4.381097e+000
8.703419e-001 -7.759061e+000 -7.140607e+000
2.360661e+000 -6.816879e+000 -6.494508e+000
2.972652e+000 -7.307536e+000 -4.157366e+000
1.673373e+000 -8.117435e+000 -3.221473e+000
3.021240e+000 -7.712749e+000 -6.612138e+000
3.564225e+000 -7.928627e+000 -4.670899e+000
-3.163422e+000 -7.832880e+000 -5.940244e+000
-2.228443e+000 -8.433173e+000 -2.262421e+000
-3.233376e+000 -8.834541e+000 -5.544431e+000
-2.483789e+000 -9.280692e+000 -2.777592e+000
-3.501019e+000 -7.242675e+000 -3.724631e+000
-3.342067e+000 -7.506869e+000 -4.526063e+000
-2.959965e+000 -7.624701e+000 -3.244554e+000
2.055078e+000 -5.624394e+000 -5.052952e+000
1.244783e+000 -5.325424e+000 -4.756510e+000
4.553100e-001 -4.975021e+000 -4.460243e+000
-3.990660e-001 -4.798344e+000 -4.190385e+000
-1.279734e+000 -4.786801e+000 -3.949247e+000
-2.147043e+000 -5.010034e+000 -3.771042e+000
-2.891946e+000 -5.529538e+000 -3.675911e+000
-3.673515e+000 -5.982410e+000 -3.542105e+000
2.904495e+000 -7.901576e+000 -6.504260e+000
2.794441e+000 -7.922442e+000 -6.584532e+000
2.658830e+000 -7.898302e+000 -6.580380e+000
2.521907e+000 -7.903364e+000 -6.565598e+000
2.172059e+000 -7.859458e+000 -6.500456e+000
1.817152e+000 -7.896665e+000 -6.465515e+000
1.470531e+000 -7.953116e+000 -6.393198e+000
1.009265e+000 -8.008383e+000 -6.250680e+000
5.631413e-001 -8.083721e+000 -6.072281e+000
1.057422e-001 -8.122255e+000 -5.914256e+000
3.465169e+000 -8.328853e+000 -4.652702e+000
3.345252e+000 -8.206171e+000 -4.704662e+000
3.204306e+000 -8.293140e+000 -4.636111e+000
3.045042e+000 -8.352167e+000 -4.578830e+000
2.941738e+000 -7.993972e+000 -4.303222e+000
2.529877e+000 -8.203478e+000 -4.266063e+000
2.084241e+000 -8.295820e+000 -4.177641e+000
1.607823e+000 -8.317766e+000 -4.082107e+000
1.130843e+000 -8.352855e+000 -3.992456e+000
6.537949e-001 -8.446849e+000 -3.995553e+000
