[individuals]
1
[dimensions]
3
[landmarks]
48
[rawpoints]
'#1
5.431210e+000 -7.703149e+000 -3.956138e+000
5.443856e+000 -6.827498e+000 -3.852374e+000
7.036807e-001 -6.455217e+000 -7.065463e+000
-3.527798e-001 -6.771027e+000 -3.258616e+000
-6.051144e-001 -7.608301e+000 -5.406301e+000
3.617313e+000 -7.049912e+000 -5.241107e+000
3.286218e+000 -7.236362e+000 -3.579208e+000
2.666085e+000 -7.127374e+000 -6.048808e+000
3.621415e+000 -6.568039e+000 -5.228539e+000
3.223921e+000 -6.616470e+000 -3.498605e+000
2.067868e+000 -7.272921e+000 -3.194557e+000
4.039310e+000 -7.090677e+000 -4.906485e+000
3.763674e+000 -7.142934e+000 -3.663698e+000
-1.962343e-001 -7.579051e+000 -6.726069e+000
-9.101542e-001 -7.649249e+000 -3.952573e+000
-3.252522e-001 -8.146855e+000 -6.291230e+000
-7.084087e-001 -7.956686e+000 -4.489319e+000
-1.237199e+000 -7.120677e+000 -5.397817e+000
-9.486246e-001 -7.268504e+000 -5.923753e+000
-1.117174e+000 -7.288116e+000 -4.947140e+000
2.928489e+000 -5.520667e+000 -4.416640e+000
2.307978e+000 -5.347697e+000 -4.574752e+000
1.689460e+000 -5.162619e+000 -4.726583e+000
1.072250e+000 -4.968481e+000 -4.872460e+000
4.292131e-001 -4.896912e+000 -5.018396e+000
-2.008715e-001 -5.074880e+000 -5.124423e+000
-7.147605e-001 -5.482605e+000 -5.222315e+000
-1.223501e+000 -5.893663e+000 -5.332351e+000
4.035000e+000 -7.246362e+000 -4.938171e+000
3.953482e+000 -7.280172e+000 -5.059259e+000
3.812434e+000 -7.266006e+000 -5.107782e+000
3.669872e+000 -7.259917e+000 -5.153511e+000
3.406021e+000 -7.188556e+000 -5.234982e+000
3.159225e+000 -7.272882e+000 -5.350445e+000
2.888451e+000 -7.319199e+000 -5.427157e+000
2.588995e+000 -7.328156e+000 -5.526874e+000
2.282269e+000 -7.378549e+000 -5.582297e+000
1.976487e+000 -7.449960e+000 -5.615391e+000
3.673020e+000 -7.433220e+000 -3.619017e+000
3.557395e+000 -7.426150e+000 -3.592207e+000
3.442011e+000 -7.454642e+000 -3.588610e+000
3.327449e+000 -7.429801e+000 -3.608552e+000
3.082138e+000 -7.333463e+000 -3.636811e+000
2.827434e+000 -7.331819e+000 -3.710159e+000
2.572303e+000 -7.351793e+000 -3.779212e+000
2.261326e+000 -7.403696e+000 -3.840136e+000
1.949777e+000 -7.454700e+000 -3.898958e+000
1.654611e+000 -7.570506e+000 -3.949727e+000
