[individuals]
1
[dimensions]
3
[landmarks]
48
[rawpoints]
'#1
-2.861002e+000 -8.370245e+000 -4.378684e+000
-2.691834e+000 -7.396098e+000 -4.379759e+000
4.737731e+000 -6.659524e+000 -2.827102e+000
4.088473e+000 -6.965549e+000 -7.615736e+000
5.644157e+000 -7.997092e+000 -5.339297e+000
2.550444e-001 -7.871583e+000 -3.744936e+000
-1.270120e-002 -7.909021e+000 -5.676943e+000
1.948923e+000 -7.749701e+000 -3.282907e+000
3.673567e-001 -7.141652e+000 -3.676358e+000
2.764524e-001 -7.253174e+000 -5.911880e+000
1.346949e+000 -7.829661e+000 -6.636034e+000
-3.632408e-001 -7.820569e+000 -3.988961e+000
-4.785452e-001 -7.806802e+000 -5.439658e+000
5.892629e+000 -7.842083e+000 -3.426009e+000
5.416287e+000 -8.005450e+000 -7.228915e+000
5.922664e+000 -8.825159e+000 -3.818069e+000
5.552339e+000 -8.945954e+000 -6.744510e+000
6.414124e+000 -7.209230e+000 -5.483186e+000
6.217118e+000 -7.709747e+000 -4.796434e+000
6.035506e+000 -7.664566e+000 -6.046995e+000
8.379164e-001 -5.723406e+000 -4.886050e+000
1.681150e+000 -5.465375e+000 -4.962399e+000
2.437668e+000 -5.010767e+000 -5.030696e+000
3.273616e+000 -4.726621e+000 -5.093925e+000
4.155641e+000 -4.693360e+000 -5.161440e+000
5.004519e+000 -4.928722e+000 -5.247529e+000
5.731357e+000 -5.429684e+000 -5.313084e+000
6.485675e+000 -5.884851e+000 -5.399240e+000
-2.210791e-001 -8.137238e+000 -3.836024e+000
-8.478675e-002 -8.101079e+000 -3.790986e+000
5.953483e-002 -8.133989e+000 -3.791063e+000
2.048756e-001 -8.106533e+000 -3.785198e+000
5.306760e-001 -8.035741e+000 -3.744963e+000
8.642126e-001 -8.073251e+000 -3.755836e+000
1.197747e+000 -8.097792e+000 -3.786414e+000
1.659455e+000 -8.064816e+000 -3.832161e+000
2.116889e+000 -8.057551e+000 -3.916186e+000
2.564340e+000 -8.115936e+000 -4.029058e+000
-3.579275e-001 -8.135139e+000 -5.341583e+000
-2.212684e-001 -8.020029e+000 -5.396112e+000
-3.702130e-002 -7.998731e+000 -5.418557e+000
1.422532e-001 -7.982222e+000 -5.468437e+000
4.170457e-001 -7.986262e+000 -5.581685e+000
6.955024e-001 -8.048231e+000 -5.665215e+000
9.810697e-001 -8.098097e+000 -5.730909e+000
1.446467e+000 -8.134021e+000 -5.790953e+000
1.913351e+000 -8.113082e+000 -5.846577e+000
2.379643e+000 -8.176764e+000 -5.844732e+000
