[individuals]
1
[dimensions]
3
[landmarks]
48
[rawpoints]
'#1
2.391790e+000 4.352327e-001 -4.151124e+000
1.225937e+000 3.134640e-001 -4.099786e+000
1.703166e+000 -7.770724e+000 -6.538213e+000
2.169395e+000 -7.656962e+000 -1.348180e+000
3.431803e+000 -9.267408e+000 -4.152980e+000
2.165749e+000 -2.807950e+000 -5.154340e+000
2.397775e+000 -2.871515e+000 -2.953067e+000
2.563756e+000 -4.475181e+000 -6.132390e+000
1.361229e+000 -3.585836e+000 -5.270688e+000
1.569255e+000 -3.518412e+000 -2.701680e+000
2.910438e+000 -4.475082e+000 -2.060213e+000
2.164407e+000 -2.265075e+000 -4.963262e+000
2.296217e+000 -2.267646e+000 -3.162948e+000
3.221285e+000 -8.972788e+000 -6.141575e+000
3.564445e+000 -8.853774e+000 -1.964261e+000
3.987857e+000 -9.168015e+000 -5.587625e+000
4.226953e+000 -9.104416e+000 -2.537896e+000
2.777398e+000 -1.005530e+001 -3.974946e+000
2.894342e+000 -9.785040e+000 -4.660595e+000
2.979251e+000 -9.785173e+000 -3.307744e+000
1.739967e-001 -4.526236e+000 -3.868303e+000
5.469126e-003 -5.398316e+000 -3.772413e+000
-2.445119e-001 -6.251309e+000 -3.683308e+000
-3.089065e-001 -7.142312e+000 -3.689732e+000
-2.193251e-001 -8.028059e+000 -3.763897e+000
9.403327e-002 -8.855486e+000 -3.887371e+000
6.229004e-001 -9.564010e+000 -4.015289e+000
1.044917e+000 -1.034650e+001 -4.102899e+000
2.507607e+000 -2.415846e+000 -5.078377e+000
2.417798e+000 -2.524733e+000 -5.121737e+000
2.408900e+000 -2.671318e+000 -5.137094e+000
2.427688e+000 -2.816855e+000 -5.153474e+000
2.327989e+000 -3.191136e+000 -5.154226e+000
2.348561e+000 -3.574116e+000 -5.208356e+000
2.467615e+000 -3.942498e+000 -5.220223e+000
2.574631e+000 -4.358228e+000 -5.226003e+000
2.710934e+000 -4.765344e+000 -5.222680e+000
2.929084e+000 -5.134536e+000 -5.202184e+000
2.693765e+000 -2.327438e+000 -3.150945e+000
2.660487e+000 -2.470637e+000 -3.108571e+000
2.646202e+000 -2.622689e+000 -3.099348e+000
2.622811e+000 -2.771323e+000 -3.071598e+000
2.582220e+000 -3.125666e+000 -2.981022e+000
2.587869e+000 -3.488688e+000 -2.921105e+000
2.669524e+000 -3.846617e+000 -2.946180e+000
2.775299e+000 -4.343451e+000 -2.932199e+000
3.013608e+000 -4.792076e+000 -2.918043e+000
3.078375e+000 -5.293621e+000 -2.967822e+000
