[individuals]
1
[dimensions]
3
[landmarks]
48
[rawpoints]
'#1
-3.824814e-001 -8.324905e+000 -3.786806e+000
-6.461380e-001 -7.639291e+000 -3.578006e+000
5.093320e+000 -7.747237e+000 -3.661497e+000
3.727592e+000 -7.661397e+000 -7.248474e+000
5.523251e+000 -8.382853e+000 -5.939917e+000
2.277043e+000 -8.230088e+000 -3.691464e+000
1.615031e+000 -8.223690e+000 -5.388279e+000
2.955184e+000 -8.069944e+000 -3.571288e+000
2.345486e+000 -7.846449e+000 -3.547174e+000
1.577510e+000 -7.714880e+000 -5.390871e+000
2.127266e+000 -8.036164e+000 -5.998875e+000
1.698506e+000 -8.158782e+000 -3.700748e+000
1.232850e+000 -8.108458e+000 -5.121374e+000
5.919890e+000 -8.301044e+000 -4.560068e+000
4.960216e+000 -8.214381e+000 -7.169847e+000
5.872894e+000 -8.564873e+000 -5.011334e+000
5.290170e+000 -8.520758e+000 -6.759709e+000
6.178823e+000 -7.813160e+000 -6.117895e+000
6.127907e+000 -8.164629e+000 -5.575783e+000
5.784996e+000 -8.056399e+000 -6.470648e+000
1.987294e+000 -6.534983e+000 -4.498842e+000
2.599482e+000 -6.334811e+000 -4.773046e+000
3.210273e+000 -6.117827e+000 -5.037484e+000
3.842937e+000 -5.950105e+000 -5.285788e+000
4.507164e+000 -5.915446e+000 -5.504001e+000
5.172593e+000 -6.026192e+000 -5.690863e+000
5.783217e+000 -6.326353e+000 -5.855527e+000
6.320773e+000 -6.755286e+000 -5.986279e+000
1.852236e+000 -8.423432e+000 -3.719438e+000
1.946445e+000 -8.403605e+000 -3.706485e+000
2.040715e+000 -8.415594e+000 -3.726636e+000
2.134589e+000 -8.416279e+000 -3.751617e+000
2.405655e+000 -8.414613e+000 -3.801273e+000
2.673553e+000 -8.405958e+000 -3.865346e+000
2.931411e+000 -8.358786e+000 -3.950380e+000
3.131253e+000 -8.310715e+000 -4.047487e+000
3.314649e+000 -8.285418e+000 -4.179410e+000
3.475181e+000 -8.232386e+000 -4.331380e+000
1.295883e+000 -8.395330e+000 -5.123063e+000
1.358724e+000 -8.403758e+000 -5.158375e+000
1.425878e+000 -8.411663e+000 -5.184733e+000
1.494049e+000 -8.411592e+000 -5.209632e+000
1.760289e+000 -8.353695e+000 -5.341587e+000
2.040359e+000 -8.347803e+000 -5.456348e+000
2.322366e+000 -8.319258e+000 -5.562681e+000
2.536585e+000 -8.288548e+000 -5.628134e+000
2.756315e+000 -8.266357e+000 -5.676509e+000
2.977570e+000 -8.229009e+000 -5.704196e+000
