[individuals]
1
[dimensions]
3
[landmarks]
48
[rawpoints]
'#1
-1.892899e+000 -6.671603e+000 -3.150644e+000
-2.219226e+000 -5.809595e+000 -3.130155e+000
3.752815e+000 -6.307201e+000 -6.278587e-001
4.298970e+000 -6.244862e+000 -4.909698e+000
5.217980e+000 -6.997592e+000 -2.623282e+000
7.060791e-001 -6.745219e+000 -1.979843e+000
8.755577e-001 -6.693218e+000 -3.944578e+000
1.340718e+000 -6.605240e+000 -1.555192e+000
6.982262e-001 -6.300850e+000 -1.880972e+000
9.164680e-001 -6.233788e+000 -4.110457e+000
1.521750e+000 -6.562191e+000 -4.294557e+000
1.152176e-001 -6.667135e+000 -2.234332e+000
3.177172e-001 -6.616710e+000 -3.799695e+000
5.003730e+000 -6.930343e+000 -1.157728e+000
5.224369e+000 -6.856686e+000 -4.139129e+000
5.074335e+000 -7.188255e+000 -1.597609e+000
5.265288e+000 -7.142723e+000 -3.728433e+000
6.057818e+000 -6.374052e+000 -2.510178e+000
5.650950e+000 -6.726125e+000 -2.091182e+000
5.724195e+000 -6.676824e+000 -3.183918e+000
5.986008e-001 -4.779437e+000 -2.991535e+000
1.405370e+000 -4.605044e+000 -2.939801e+000
2.212034e+000 -4.430696e+000 -2.886327e+000
3.030219e+000 -4.325662e+000 -2.827197e+000
3.852376e+000 -4.260140e+000 -2.765998e+000
4.674993e+000 -4.306176e+000 -2.694591e+000
5.437498e+000 -4.613810e+000 -2.604950e+000
6.150352e+000 -5.023585e+000 -2.516608e+000
2.651677e-001 -7.015923e+000 -2.197461e+000
3.671733e-001 -7.009046e+000 -2.134894e+000
4.866733e-001 -7.005347e+000 -2.126278e+000
6.062675e-001 -6.998993e+000 -2.121278e+000
9.873045e-001 -6.963852e+000 -2.093384e+000
1.367332e+000 -6.915965e+000 -2.071368e+000
1.750901e+000 -6.914273e+000 -2.062391e+000
2.002680e+000 -6.886653e+000 -2.065715e+000
2.253875e+000 -6.862704e+000 -2.087943e+000
2.504666e+000 -6.864394e+000 -2.123564e+000
4.291757e-001 -6.927956e+000 -3.830704e+000
5.563880e-001 -6.926854e+000 -3.847553e+000
6.846952e-001 -6.928290e+000 -3.849265e+000
8.112386e-001 -6.948339e+000 -3.856578e+000
1.145966e+000 -6.891154e+000 -3.887984e+000
1.481733e+000 -6.841177e+000 -3.920311e+000
1.822680e+000 -6.840427e+000 -3.912936e+000
2.110212e+000 -6.808065e+000 -3.836482e+000
2.377653e+000 -6.773927e+000 -3.706557e+000
2.641076e+000 -6.802690e+000 -3.567447e+000
