[individuals]
1
[dimensions]
3
[landmarks]
48
[rawpoints]
'#1
1.955403e+003 1.994048e+003 8.193721e+003
2.515168e+003 2.012974e+003 8.554758e+003
2.063708e+003 3.307676e+002 2.407492e+003
1.882500e+003 4.001911e+003 2.378512e+003
1.313938e+003 2.221277e+003 1.373316e+003
1.951564e+003 1.136901e+003 5.369054e+003
1.877910e+003 3.064427e+003 5.453559e+003
2.118601e+003 8.918738e+002 4.738959e+003
2.272562e+003 1.112932e+003 5.442656e+003
2.105844e+003 3.108913e+003 5.455125e+003
2.009471e+003 3.375153e+003 4.798030e+003
2.037071e+003 1.378398e+003 5.994683e+003
1.976241e+003 2.843418e+003 6.062080e+003
1.373138e+003 9.360731e+002 1.343863e+003
1.251595e+003 3.583863e+003 1.492738e+003
1.075632e+003 1.234830e+003 1.335913e+003
1.007825e+003 3.098928e+003 1.367382e+003
1.733592e+003 2.223692e+003 5.306008e+002
1.506407e+003 1.688365e+003 8.410762e+002
1.493941e+003 2.668801e+003 8.443210e+002
3.595484e+003 2.183022e+003 5.325452e+003
3.792269e+003 2.188221e+003 4.610568e+003
3.886570e+003 2.190973e+003 3.875065e+003
3.939121e+003 2.191981e+003 3.135454e+003
3.879990e+003 2.195721e+003 2.396357e+003
3.725958e+003 2.202692e+003 1.671064e+003
3.386262e+003 2.217940e+003 1.012068e+003
2.971167e+003 2.249740e+003 3.985297e+002
1.738845e+003 1.320799e+003 5.875390e+003
1.821842e+003 1.292994e+003 5.724202e+003
1.835295e+003 1.252385e+003 5.554819e+003
1.697859e+003 1.253599e+003 5.446987e+003
1.745466e+003 1.231830e+003 5.182735e+003
1.747196e+003 1.246620e+003 4.913766e+003
1.697846e+003 1.287581e+003 4.652127e+003
1.729789e+003 1.324088e+003 4.364179e+003
1.731250e+003 1.391667e+003 4.080115e+003
1.715629e+003 1.483720e+003 3.803443e+003
1.655059e+003 2.810231e+003 5.947663e+003
1.703423e+003 2.835703e+003 5.789297e+003
1.717708e+003 2.880440e+003 5.628479e+003
1.616534e+003 2.928724e+003 5.503982e+003
1.685785e+003 2.886187e+003 5.236601e+003
1.667023e+003 2.911890e+003 4.958959e+003
1.620802e+003 2.910878e+003 4.683350e+003
1.671382e+003 2.881527e+003 4.388978e+003
1.664603e+003 2.842707e+003 4.109533e+003
1.636551e+003 2.791649e+003 3.824250e+003
