[individuals]
1
[dimensions]
3
[landmarks]
48
[rawpoints]
'#1
3.060486e+003 2.493508e+003 8.883060e+003
3.865047e+003 2.602063e+003 8.852659e+003
3.182142e+003 3.940164e+002 2.513713e+003
2.898516e+003 5.066860e+003 2.488919e+003
1.604097e+003 2.710304e+003 1.247699e+003
2.640062e+003 1.606998e+003 6.078632e+003
2.477874e+003 3.624052e+003 6.117289e+003
2.302197e+003 7.967971e+002 5.273414e+003
3.355439e+003 1.680200e+003 6.531739e+003
3.266984e+003 3.702236e+003 6.462830e+003
2.025308e+003 4.454177e+003 5.314669e+003
2.812871e+003 1.838889e+003 6.636813e+003
2.711322e+003 3.450485e+003 6.654567e+003
1.933472e+003 8.992949e+002 1.410554e+003
1.727896e+003 4.552815e+003 1.395261e+003
9.435578e+002 1.411853e+003 1.513485e+003
8.094689e+002 3.863942e+003 1.573292e+003
2.283573e+003 2.706714e+003 4.940516e+002
1.986293e+003 2.088587e+003 8.556246e+002
1.926050e+003 3.355169e+003 8.463719e+002
4.843279e+003 2.857888e+003 5.519961e+003
4.879658e+003 2.857765e+003 4.729899e+003
4.993230e+003 2.860962e+003 3.947226e+003
5.073906e+003 2.867829e+003 3.160497e+003
4.957796e+003 2.873971e+003 2.378207e+003
4.694281e+003 2.874156e+003 1.632496e+003
4.279362e+003 2.875376e+003 9.592106e+002
3.745807e+003 2.864960e+003 3.755196e+002
2.434712e+003 1.762855e+003 6.601020e+003
2.426428e+003 1.735349e+003 6.459828e+003
2.396763e+003 1.722164e+003 6.319448e+003
2.348134e+003 1.708966e+003 6.184457e+003
2.333258e+003 1.682899e+003 5.555117e+003
2.174431e+003 1.660223e+003 4.945810e+003
1.993238e+003 1.626147e+003 4.343334e+003
2.067684e+003 1.642138e+003 4.669466e+003
2.176871e+003 1.651339e+003 4.985950e+003
2.245710e+003 1.669586e+003 5.313204e+003
2.344025e+003 3.398292e+003 6.621128e+003
2.302559e+003 3.437011e+003 6.481529e+003
2.278201e+003 3.468166e+003 6.336129e+003
2.215518e+003 3.490732e+003 6.200969e+003
2.264227e+003 3.539751e+003 5.913491e+003
2.180254e+003 3.580486e+003 5.632941e+003
2.132970e+003 3.613476e+003 5.342940e+003
2.040682e+003 3.634406e+003 5.038146e+003
1.975052e+003 3.646216e+003 4.726061e+003
1.848233e+003 3.645716e+003 4.433193e+003
