[individuals]
1
[dimensions]
3
[landmarks]
48
[rawpoints]
'#1
-4.312862e-001 2.005503e+001 -2.546391e+001
-2.722624e-001 1.892057e+001 -2.576345e+001
-3.080717e+000 1.866131e+001 -3.363294e+001
1.970242e+000 1.916081e+001 -3.382319e+001
-6.830514e-001 2.036895e+001 -3.571194e+001
-1.583370e+000 1.978679e+001 -2.916660e+001
5.229710e-001 1.995203e+001 -2.915900e+001
-2.659150e+000 2.002567e+001 -3.051556e+001
-1.726283e+000 1.930824e+001 -2.911277e+001
7.352868e-001 1.952855e+001 -2.913355e+001
1.438545e+000 2.038317e+001 -3.063635e+001
-1.340080e+000 1.971506e+001 -2.872986e+001
3.014044e-001 1.985536e+001 -2.872261e+001
-2.803803e+000 2.001533e+001 -3.545489e+001
1.408705e+000 2.045430e+001 -3.551744e+001
-2.427548e+000 2.094442e+001 -3.539762e+001
7.068657e-001 2.133588e+001 -3.556927e+001
-6.342190e-001 1.949711e+001 -3.635656e+001
-1.312763e+000 1.990816e+001 -3.618110e+001
-6.689415e-002 2.003698e+001 -3.635581e+001
-3.238466e-001 1.757740e+001 -2.958588e+001
-3.270665e-001 1.742250e+001 -3.056976e+001
-3.244166e-001 1.721921e+001 -3.154480e+001
-3.202530e-001 1.703763e+001 -3.252408e+001
-3.222410e-001 1.692095e+001 -3.351321e+001
-3.317745e-001 1.698786e+001 -3.450689e+001
-3.859848e-001 1.751146e+001 -3.535238e+001
-4.274679e-001 1.783235e+001 -3.629435e+001
-1.377764e+000 1.999044e+001 -2.871800e+001
-1.448507e+000 2.005911e+001 -2.877742e+001
-1.511977e+000 2.004840e+001 -2.893088e+001
-1.532333e+000 2.010166e+001 -2.905957e+001
-1.629890e+000 2.000494e+001 -2.939683e+001
-1.717137e+000 2.007687e+001 -2.974296e+001
-1.759312e+000 2.016744e+001 -3.009315e+001
-1.805274e+000 2.017411e+001 -3.050505e+001
-1.810003e+000 2.017898e+001 -3.091948e+001
-1.824818e+000 2.034536e+001 -3.129884e+001
3.377351e-001 2.017185e+001 -2.874975e+001
4.024202e-001 2.014705e+001 -2.885571e+001
4.523806e-001 2.019287e+001 -2.896264e+001
4.638042e-001 2.025800e+001 -2.907060e+001
5.466701e-001 2.019831e+001 -2.941459e+001
6.018921e-001 2.027059e+001 -2.976170e+001
5.854082e-001 2.040368e+001 -3.009453e+001
5.910417e-001 2.042062e+001 -3.051866e+001
5.868223e-001 2.040254e+001 -3.097945e+001
4.766348e-001 2.056875e+001 -3.131162e+001
