[individuals]
1
[dimensions]
3
[landmarks]
48
[rawpoints]
'#1
1.991431e+000 3.552109e-001 -3.616217e+000
5.933502e-001 -1.722414e-001 -3.806345e+000
1.769820e+000 -8.592111e+000 -6.026378e+000
9.714699e-001 -8.266989e+000 -3.789902e-001
2.896258e+000 -9.833198e+000 -2.990108e+000
2.032597e+000 -3.690308e+000 -4.716517e+000
1.718005e+000 -3.458218e+000 -2.228509e+000
2.706981e+000 -4.761378e+000 -5.404416e+000
1.279324e+000 -3.362136e+000 -4.801930e+000
1.044153e+000 -3.446666e+000 -2.102097e+000
2.114635e+000 -4.564839e+000 -1.091602e+000
1.909083e+000 -3.134627e+000 -4.498075e+000
1.550316e+000 -3.043946e+000 -2.435456e+000
2.933577e+000 -9.775224e+000 -5.023188e+000
2.289723e+000 -9.654585e+000 -9.585929e-001
3.985741e+000 -9.599568e+000 -4.186034e+000
3.554591e+000 -9.678687e+000 -1.451561e+000
2.325930e+000 -1.059881e+001 -3.015092e+000
2.482439e+000 -1.027603e+001 -3.675415e+000
2.239565e+000 -1.024265e+001 -2.370466e+000
-5.065338e-001 -4.256074e+000 -3.726778e+000
-6.756762e-001 -5.258039e+000 -3.627499e+000
-8.978475e-001 -6.251622e+000 -3.549766e+000
-1.017876e+000 -7.263937e+000 -3.492302e+000
-1.018064e+000 -8.284099e+000 -3.450360e+000
-7.678282e-001 -9.272747e+000 -3.399657e+000
-1.289378e-001 -1.006354e+001 -3.304888e+000
4.665474e-001 -1.088335e+001 -3.179507e+000
2.211063e+000 -3.100041e+000 -4.444527e+000
2.245872e+000 -3.197337e+000 -4.431879e+000
2.314509e+000 -3.275540e+000 -4.435230e+000
2.350496e+000 -3.373226e+000 -4.434158e+000
2.319327e+000 -3.754405e+000 -4.541916e+000
2.441975e+000 -4.132030e+000 -4.557604e+000
2.590810e+000 -4.500007e+000 -4.539670e+000
2.664177e+000 -4.962049e+000 -4.526598e+000
2.696105e+000 -5.427310e+000 -4.487243e+000
2.862445e+000 -5.857966e+000 -4.410518e+000
1.923717e+000 -3.027233e+000 -2.358101e+000
1.949676e+000 -3.128569e+000 -2.343372e+000
1.977091e+000 -3.228857e+000 -2.324641e+000
1.997641e+000 -3.330075e+000 -2.302440e+000
1.963680e+000 -3.720413e+000 -2.216276e+000
2.058609e+000 -4.101104e+000 -2.132584e+000
2.222234e+000 -4.461604e+000 -2.067729e+000
2.276362e+000 -4.911503e+000 -2.000258e+000
2.288523e+000 -5.367501e+000 -1.957309e+000
2.501782e+000 -5.764152e+000 -1.873319e+000
