[individuals]
1
[dimensions]
3
[landmarks]
48
[rawpoints]
'#1
1.611430e-001 1.954282e+001 -1.600332e+001
2.808866e-002 1.758141e+001 -1.637568e+001
-3.421809e+000 1.870934e+001 -2.708577e+001
3.069653e+000 1.837713e+001 -2.731527e+001
-1.280902e-001 2.050189e+001 -2.910225e+001
-1.432008e+000 1.972810e+001 -2.089356e+001
1.541190e+000 1.957407e+001 -2.088774e+001
-2.796963e+000 2.042035e+001 -2.300126e+001
-1.777362e+000 1.891825e+001 -2.121037e+001
1.696623e+000 1.881409e+001 -2.113188e+001
2.924081e+000 2.010756e+001 -2.309716e+001
-1.105777e+000 1.953394e+001 -2.015822e+001
1.231690e+000 1.943386e+001 -2.019985e+001
-2.881990e+000 2.050960e+001 -2.881360e+001
2.561972e+000 2.035095e+001 -2.890277e+001
-2.187401e+000 2.182162e+001 -2.918510e+001
1.869826e+000 2.160858e+001 -2.918085e+001
-1.672483e-001 1.944365e+001 -3.009191e+001
-1.055066e+000 1.980649e+001 -2.969221e+001
7.287974e-001 1.975836e+001 -2.970910e+001
-9.641366e-002 1.611409e+001 -2.277543e+001
-1.635076e-001 1.610302e+001 -2.385158e+001
-2.309335e-001 1.602870e+001 -2.492521e+001
-2.893281e-001 1.600991e+001 -2.600177e+001
-3.421020e-001 1.597822e+001 -2.707834e+001
-3.813574e-001 1.628890e+001 -2.811012e+001
-4.101878e-001 1.677543e+001 -2.907206e+001
-4.498220e-001 1.724913e+001 -3.003992e+001
-1.000309e+000 2.002645e+001 -2.003566e+001
-1.083846e+000 2.009283e+001 -2.025094e+001
-1.146446e+000 2.013547e+001 -2.047895e+001
-1.197951e+000 2.019807e+001 -2.070513e+001
-1.305441e+000 2.015556e+001 -2.114660e+001
-1.408008e+000 2.025692e+001 -2.157958e+001
-1.478543e+000 2.039893e+001 -2.200751e+001
-1.552797e+000 2.051070e+001 -2.257943e+001
-1.604134e+000 2.063919e+001 -2.315034e+001
-1.626314e+000 2.084275e+001 -2.370095e+001
1.316048e+000 1.989890e+001 -2.008123e+001
1.361220e+000 1.994740e+001 -2.028684e+001
1.395948e+000 1.998969e+001 -2.049583e+001
1.460324e+000 2.005141e+001 -2.069259e+001
1.475583e+000 2.001296e+001 -2.117872e+001
1.574531e+000 2.005425e+001 -2.165467e+001
1.621753e+000 2.023303e+001 -2.210616e+001
1.668153e+000 2.034914e+001 -2.265617e+001
1.704273e+000 2.046447e+001 -2.320709e+001
1.728211e+000 2.066722e+001 -2.373289e+001
