[individuals]
1
[dimensions]
3
[landmarks]
48
[rawpoints]
'#1
-4.994337e+000 -7.932079e+000 -7.303632e+000
9999 9999 9999
9999 9999 9999
4.542724e+000 -6.175416e+000 -1.145209e+001
7.502113e+000 -7.697029e+000 -8.323277e+000
-3.101240e-001 -7.602654e+000 -6.109147e+000
-5.778591e-001 -7.696398e+000 -9.306221e+000
1.722883e+000 -7.382360e+000 -5.517754e+000
-1.542564e-001 -6.349920e+000 -5.905082e+000
-3.358715e-001 -6.483005e+000 -9.629468e+000
1.267264e+000 -7.538641e+000 -1.003489e+001
-1.386120e+000 -7.616537e+000 -6.230523e+000
-1.518474e+000 -7.479748e+000 -9.005743e+000
7.109328e+000 -7.604884e+000 -6.106938e+000
6.619977e+000 -7.783640e+000 -1.038984e+001
7.707740e+000 -7.669477e+000 -6.781214e+000
7.379828e+000 -7.833602e+000 -9.907741e+000
8.344450e+000 -6.700953e+000 -8.450365e+000
8.192203e+000 -7.089879e+000 -7.660959e+000
7.888293e+000 -7.083465e+000 -9.186386e+000
1.731075e-001 -4.626858e+000 -7.850478e+000
1.242536e+000 -4.292900e+000 -7.880049e+000
2.336157e+000 -4.061216e+000 -7.960162e+000
3.445663e+000 -3.993792e+000 -8.103509e+000
4.554355e+000 -3.939250e+000 -8.258200e+000
5.665795e+000 -3.986956e+000 -8.394299e+000
6.717354e+000 -4.374391e+000 -8.407918e+000
7.827204e+000 -4.526764e+000 -8.439458e+000
-1.073713e+000 -8.131563e+000 -6.166365e+000
-9.795274e-001 -8.235750e+000 -6.129733e+000
-7.734960e-001 -8.251136e+000 -6.115598e+000
-5.661578e-001 -8.227826e+000 -6.113422e+000
-6.010831e-002 -8.073000e+000 -6.120458e+000
4.238223e-001 -7.858948e+000 -6.131662e+000
9.505790e-001 -7.824547e+000 -6.169785e+000
1.439205e+000 -7.918721e+000 -6.194497e+000
1.937001e+000 -7.939440e+000 -6.195123e+000
2.407064e+000 -8.060556e+000 -6.307225e+000
-1.290742e+000 -8.235310e+000 -8.900396e+000
-1.122790e+000 -8.227852e+000 -8.911654e+000
-9.609102e-001 -8.240133e+000 -8.956722e+000
-8.003775e-001 -8.279920e+000 -8.988917e+000
-3.304604e-001 -8.145689e+000 -9.075662e+000
1.508793e-001 -8.053212e+000 -9.153939e+000
6.066011e-001 -8.233927e+000 -9.231665e+000
1.088066e+000 -8.035223e+000 -9.292321e+000
1.611447e+000 -8.017840e+000 -9.319559e+000
2.125927e+000 -8.117431e+000 -9.338692e+000
