[individuals]
1
[dimensions]
3
[landmarks]
48
[rawpoints]
'#1
-2.651706e+000 -9.902132e+000 -3.679733e-001
-1.833138e+000 -9.969275e+000 1.012953e+000
4.867267e+000 -1.090054e+001 -6.900392e+000
4.717195e+000 -5.366345e+000 -5.523850e+000
5.393994e+000 -7.513820e+000 -8.459820e+000
1.430653e-001 -1.044499e+001 -3.922612e+000
-4.304300e-003 -7.575989e+000 -3.198406e+000
1.308791e+000 -1.081360e+001 -4.916530e+000
1.131022e+000 -1.089923e+001 -3.081644e+000
9.969791e-001 -7.416976e+000 -2.291192e+000
1.109354e+000 -6.712114e+000 -3.902718e+000
-2.231931e-001 -1.057814e+001 -3.219680e+000
-4.462967e-001 -7.873134e+000 -2.394902e+000
5.317219e+000 -9.761223e+000 -8.603437e+000
5.115592e+000 -5.585470e+000 -7.555621e+000
4.947912e+000 -9.482553e+000 -8.779966e+000
4.797242e+000 -5.815203e+000 -7.883650e+000
6.907477e+000 -7.687053e+000 -7.699423e+000
6.050448e+000 -8.145637e+000 -8.765382e+000
6.064802e+000 -6.887610e+000 -8.388878e+000
2.091110e+000 -9.466727e+000 -1.251550e+000
2.987361e+000 -9.222043e+000 -1.977765e+000
3.891869e+000 -8.979815e+000 -2.694497e+000
4.885699e+000 -8.759674e+000 -3.289884e+000
5.752227e+000 -8.512759e+000 -4.050537e+000
6.536180e+000 -8.257750e+000 -4.893616e+000
6.970425e+000 -7.982880e+000 -5.954919e+000
7.620036e+000 -7.710710e+000 -6.900655e+000
-5.818516e-001 -1.046377e+001 -3.631082e+000
-4.743451e-001 -1.041111e+001 -3.756121e+000
-3.392477e-001 -1.036365e+001 -3.853385e+000
-2.913515e-001 -1.032066e+001 -4.014079e+000
6.987031e-002 -1.024043e+001 -4.185815e+000
3.685456e-001 -1.017388e+001 -4.455615e+000
6.116989e-001 -1.005534e+001 -4.760951e+000
9.660196e-001 -9.975538e+000 -5.021811e+000
1.296100e+000 -9.871881e+000 -5.305114e+000
1.614579e+000 -9.779069e+000 -5.604960e+000
-7.843327e-001 -7.782496e+000 -2.830706e+000
-6.872488e-001 -7.762498e+000 -3.024240e+000
-5.491655e-001 -7.712664e+000 -3.184636e+000
-4.256786e-001 -7.733151e+000 -3.362430e+000
-6.892179e-002 -7.590450e+000 -3.547012e+000
2.453803e-001 -7.577380e+000 -3.834701e+000
5.126375e-001 -7.554305e+000 -4.165987e+000
8.716339e-001 -7.483355e+000 -4.430438e+000
1.200087e+000 -7.407775e+000 -4.730854e+000
1.523341e+000 -7.319238e+000 -5.033364e+000
