[individuals]
1
[dimensions]
3
[landmarks]
48
[rawpoints]
'#1
-8.357850e-002 -7.491412e+000 -2.108628e+000
-2.807896e-001 -6.523206e+000 -1.914256e+000
5.539021e+000 -6.463416e+000 -3.618281e+000
2.657653e+000 -6.233188e+000 -7.251493e+000
5.129570e+000 -7.474566e+000 -6.328343e+000
2.535225e+000 -7.259789e+000 -2.849881e+000
1.026484e+000 -7.171318e+000 -4.249176e+000
2.992991e+000 -7.303925e+000 -2.763358e+000
2.334688e+000 -6.595047e+000 -2.564762e+000
9.302796e-001 -6.408554e+000 -4.403274e+000
1.319788e+000 -7.204818e+000 -5.124758e+000
1.690092e+000 -7.266249e+000 -2.509052e+000
6.798722e-001 -7.204433e+000 -3.743385e+000
5.970955e+000 -7.546981e+000 -4.851771e+000
3.896392e+000 -7.343279e+000 -7.508897e+000
5.831429e+000 -7.943863e+000 -5.598054e+000
4.601157e+000 -7.829484e+000 -7.262310e+000
5.574464e+000 -6.757617e+000 -6.707465e+000
5.736621e+000 -7.205846e+000 -6.179177e+000
5.204963e+000 -7.071406e+000 -6.901031e+000
1.700226e+000 -5.313411e+000 -3.465797e+000
2.320998e+000 -5.141142e+000 -3.913282e+000
2.929694e+000 -4.881776e+000 -4.334615e+000
3.552537e+000 -4.683443e+000 -4.768248e+000
4.175289e+000 -4.677378e+000 -5.245200e+000
4.768960e+000 -4.849682e+000 -5.728087e+000
5.293675e+000 -5.196023e+000 -6.197105e+000
5.755950e+000 -5.654464e+000 -6.634596e+000
1.838252e+000 -7.476296e+000 -2.585106e+000
2.003654e+000 -7.461661e+000 -2.685702e+000
2.162190e+000 -7.445548e+000 -2.796598e+000
2.322309e+000 -7.460283e+000 -2.905389e+000
2.602014e+000 -7.495720e+000 -3.098011e+000
2.871694e+000 -7.455724e+000 -3.303617e+000
3.130025e+000 -7.447135e+000 -3.526755e+000
3.307829e+000 -7.408681e+000 -3.717781e+000
3.468333e+000 -7.429430e+000 -3.926081e+000
3.606029e+000 -7.433663e+000 -4.151045e+000
8.123835e-001 -7.403621e+000 -3.800302e+000
9.451197e-001 -7.447971e+000 -3.913144e+000
1.067854e+000 -7.421514e+000 -4.041813e+000
1.198102e+000 -7.434389e+000 -4.165058e+000
1.395295e+000 -7.378108e+000 -4.410176e+000
1.630736e+000 -7.413906e+000 -4.623303e+000
1.855013e+000 -7.376363e+000 -4.847847e+000
2.043187e+000 -7.318507e+000 -5.003315e+000
2.253710e+000 -7.311646e+000 -5.139575e+000
2.471846e+000 -7.274996e+000 -5.257905e+000
