[individuals]
1
[dimensions]
3
[landmarks]
48
[rawpoints]
'#1
1.774406e-002 1.945910e+001 -4.409907e+000
-1.828038e-001 1.804791e+001 -4.454012e+000
-3.202144e+000 2.014554e+001 -1.372643e+001
3.045216e+000 1.933694e+001 -1.374654e+001
2.097466e-001 2.129604e+001 -1.520169e+001
-1.419231e+000 2.036010e+001 -8.163048e+000
1.511609e+000 2.001040e+001 -8.184390e+000
-2.461198e+000 2.131569e+001 -9.445699e+000
-1.616350e+000 1.943012e+001 -7.785832e+000
1.430798e+000 1.895390e+001 -7.834549e+000
2.792817e+000 2.051759e+001 -9.550068e+000
-1.159166e+000 2.026649e+001 -7.319646e+000
1.306054e+000 1.984430e+001 -7.325797e+000
-2.132667e+000 2.186231e+001 -1.506819e+001
2.349663e+000 2.127241e+001 -1.506808e+001
-1.479235e+000 2.290877e+001 -1.509707e+001
1.866551e+000 2.244167e+001 -1.517734e+001
8.197641e-002 2.056596e+001 -1.624540e+001
-6.276257e-001 2.115891e+001 -1.582512e+001
8.016605e-001 2.091780e+001 -1.580907e+001
-3.415238e-001 1.722320e+001 -9.555387e+000
-3.927530e-001 1.716475e+001 -1.056440e+001
-4.119135e-001 1.721593e+001 -1.157493e+001
-4.399823e-001 1.721455e+001 -1.258654e+001
-4.629186e-001 1.720259e+001 -1.359822e+001
-4.224775e-001 1.749544e+001 -1.456617e+001
-3.270311e-001 1.807394e+001 -1.539108e+001
-2.264850e-001 1.871300e+001 -1.616928e+001
-1.122125e+000 2.068372e+001 -7.341455e+000
-1.116952e+000 2.067443e+001 -7.556487e+000
-1.138410e+000 2.074444e+001 -7.758945e+000
-1.188277e+000 2.086056e+001 -7.933260e+000
-1.203056e+000 2.082724e+001 -8.331160e+000
-1.239686e+000 2.089540e+001 -8.723158e+000
-1.243105e+000 2.108181e+001 -9.076556e+000
-1.253418e+000 2.110878e+001 -9.524696e+000
-1.229053e+000 2.120207e+001 -9.963285e+000
-1.199528e+000 2.137154e+001 -1.037810e+001
1.427113e+000 2.031712e+001 -7.375843e+000
1.409811e+000 2.033905e+001 -7.581285e+000
1.418728e+000 2.039118e+001 -7.781755e+000
1.484374e+000 2.047635e+001 -7.959023e+000
1.459510e+000 2.045273e+001 -8.351589e+000
1.519719e+000 2.053414e+001 -8.732409e+000
1.550927e+000 2.070584e+001 -9.085728e+000
1.553105e+000 2.071117e+001 -9.538221e+000
1.521969e+000 2.080796e+001 -9.979175e+000
1.490557e+000 2.098972e+001 -1.039241e+001
