[individuals]
1
[dimensions]
3
[landmarks]
48
[rawpoints]
'#1
-5.270599e-001 2.042093e+001 -2.852338e+001
-4.421265e-001 1.913976e+001 -2.839645e+001
-3.324767e+000 1.954465e+001 -3.715783e+001
3.242115e+000 1.967268e+001 -3.674444e+001
9.335480e-002 2.074366e+001 -3.941401e+001
-1.732844e+000 2.081125e+001 -3.243023e+001
1.202477e+000 2.082080e+001 -3.236318e+001
-2.660578e+000 2.126497e+001 -3.357987e+001
-1.872762e+000 1.986752e+001 -3.194320e+001
1.251542e+000 1.991035e+001 -3.181712e+001
2.232340e+000 2.126468e+001 -3.327405e+001
-1.618437e+000 2.078568e+001 -3.162930e+001
8.964802e-001 2.068007e+001 -3.147441e+001
-2.394911e+000 2.085872e+001 -3.956049e+001
2.535692e+000 2.100011e+001 -3.909025e+001
-1.720176e+000 2.205815e+001 -3.913107e+001
1.803350e+000 2.209792e+001 -3.887245e+001
9.883472e-002 1.950302e+001 -4.013450e+001
-6.203400e-001 2.019087e+001 -3.988978e+001
8.957517e-001 2.042101e+001 -3.975180e+001
-2.247463e-001 1.763942e+001 -3.307753e+001
-1.826003e-001 1.732033e+001 -3.403638e+001
-1.328430e-001 1.716830e+001 -3.503505e+001
-8.015978e-002 1.702945e+001 -3.603548e+001
-2.698591e-002 1.694820e+001 -3.704223e+001
3.732362e-002 1.708439e+001 -3.804243e+001
1.080031e-001 1.744910e+001 -3.898320e+001
1.783087e-001 1.792292e+001 -3.987399e+001
-1.598537e+000 2.117333e+001 -3.167503e+001
-1.550547e+000 2.115394e+001 -3.187328e+001
-1.571955e+000 2.115356e+001 -3.207693e+001
-1.591143e+000 2.125586e+001 -3.225354e+001
-1.655448e+000 2.116780e+001 -3.264434e+001
-1.709743e+000 2.118115e+001 -3.304617e+001
-1.695801e+000 2.130734e+001 -3.343153e+001
-1.671595e+000 2.119421e+001 -3.386187e+001
-1.604465e+000 2.118824e+001 -3.430239e+001
-1.526916e+000 2.133080e+001 -3.471742e+001
8.215533e-001 2.122218e+001 -3.158499e+001
8.500427e-001 2.120469e+001 -3.178406e+001
8.627747e-001 2.123890e+001 -3.198259e+001
9.320785e-001 2.131024e+001 -3.215824e+001
9.812455e-001 2.121888e+001 -3.252817e+001
1.055108e+000 2.123817e+001 -3.290473e+001
1.098523e+000 2.138369e+001 -3.325766e+001
1.156681e+000 2.130385e+001 -3.367647e+001
1.173334e+000 2.127173e+001 -3.410522e+001
1.121763e+000 2.130304e+001 -3.453126e+001
