[individuals]
1
[dimensions]
3
[landmarks]
48
[rawpoints]
'#1
-4.719656e+000 -7.952869e+000 -9.338682e-001
-5.116050e+000 -6.556595e+000 -1.096522e+000
3.764413e+000 -5.907256e+000 1.686453e+000
3.536407e+000 -5.889616e+000 -3.992647e+000
5.535410e+000 -6.955508e+000 -1.171781e+000
-1.250076e+000 -7.547274e+000 2.956650e-001
-1.326400e+000 -7.652922e+000 -2.477252e+000
-1.108768e-001 -7.619247e+000 1.053769e+000
-1.773288e+000 -6.410375e+000 3.542633e-001
-1.766603e+000 -6.349635e+000 -2.520289e+000
-1.951039e-001 -7.556195e+000 -3.207792e+000
-2.196080e+000 -7.551953e+000 9.814130e-002
-2.131577e+000 -7.717790e+000 -2.319871e+000
5.435559e+000 -7.417145e+000 1.034481e+000
5.279141e+000 -7.323162e+000 -3.184895e+000
5.477790e+000 -7.997586e+000 2.497925e-001
5.265009e+000 -7.918612e+000 -2.576726e+000
6.330562e+000 -5.880164e+000 -1.174495e+000
6.157105e+000 -6.321734e+000 -3.973575e-001
6.095206e+000 -6.313534e+000 -1.897424e+000
-9.922432e-001 -4.336898e+000 -1.036999e+000
3.624963e-002 -4.037269e+000 -1.050710e+000
1.084234e+000 -3.818227e+000 -1.092435e+000
2.145399e+000 -3.675423e+000 -1.127565e+000
3.215295e+000 -3.636624e+000 -1.168230e+000
4.284173e+000 -3.702815e+000 -1.200536e+000
5.248962e+000 -4.164742e+000 -1.140192e+000
6.224944e+000 -4.601210e+000 -1.071108e+000
-1.976926e+000 -8.093758e+000 7.702720e-002
-1.792009e+000 -8.005017e+000 1.293868e-001
-1.580864e+000 -8.009919e+000 1.435587e-001
-1.371505e+000 -8.032866e+000 1.648743e-001
-1.060923e+000 -7.888223e+000 1.523778e-001
-7.273809e-001 -7.815253e+000 1.832933e-001
-3.845688e-001 -7.811938e+000 1.830773e-001
1.031159e-002 -7.792700e+000 1.668144e-001
4.016303e-001 -7.734197e+000 1.727684e-001
7.897382e-001 -7.803835e+000 1.397346e-001
-1.905556e+000 -8.060336e+000 -2.195588e+000
-1.742229e+000 -8.013111e+000 -2.229792e+000
-1.576100e+000 -7.953975e+000 -2.275243e+000
-1.398590e+000 -7.958710e+000 -2.266897e+000
-1.061592e+000 -7.820797e+000 -2.327247e+000
-6.955565e-001 -7.776122e+000 -2.343420e+000
-3.299455e-001 -7.825499e+000 -2.354402e+000
4.013141e-002 -7.709231e+000 -2.355028e+000
4.271323e-001 -7.682726e+000 -2.356220e+000
8.100578e-001 -7.741756e+000 -2.337264e+000
