[individuals]
1
[dimensions]
3
[landmarks]
48
[rawpoints]
'#1
-1.893459e+000 -7.365649e+000 1.057226e+000
-1.777004e+000 -6.134087e+000 8.954684e-001
4.895191e+000 -6.801426e+000 1.122663e+000
3.694901e+000 -6.971188e+000 -2.885520e+000
5.631522e+000 -7.856673e+000 -1.293347e+000
1.209659e+000 -7.364961e+000 1.180856e+000
6.945316e-001 -7.444028e+000 -8.923990e-001
2.087247e+000 -7.329341e+000 1.383011e+000
8.051779e-001 -6.443982e+000 1.351709e+000
2.479906e-001 -6.602937e+000 -9.213249e-001
1.194836e+000 -7.444704e+000 -1.464244e+000
5.051561e-001 -7.206075e+000 1.252782e+000
4.185640e-002 -7.215096e+000 -5.561250e-001
5.730963e+000 -7.634913e+000 4.140767e-001
4.807143e+000 -7.704736e+000 -2.811018e+000
6.045099e+000 -7.982386e+000 -1.659564e-001
5.337462e+000 -8.031263e+000 -2.434705e+000
6.115872e+000 -7.152242e+000 -1.460688e+000
6.151721e+000 -7.513425e+000 -9.310102e-001
5.851151e+000 -7.476805e+000 -1.900425e+000
9.636192e-001 -5.317966e+000 1.334362e-001
1.698851e+000 -5.203318e+000 -1.072153e-001
2.430619e+000 -5.053322e+000 -3.389405e-001
3.165203e+000 -4.910143e+000 -5.658284e-001
3.906572e+000 -4.955436e+000 -8.106447e-001
4.627057e+000 -5.124251e+000 -1.063711e+000
5.282901e+000 -5.464325e+000 -1.320270e+000
5.964602e+000 -5.744581e+000 -1.581721e+000
4.971260e-001 -7.495239e+000 1.259911e+000
6.788189e-001 -7.537943e+000 1.195221e+000
8.649062e-001 -7.563216e+000 1.133945e+000
1.060138e+000 -7.568454e+000 1.104299e+000
1.337186e+000 -7.575171e+000 1.041840e+000
1.594707e+000 -7.636220e+000 9.385819e-001
1.861948e+000 -7.688072e+000 8.573311e-001
2.159707e+000 -7.656048e+000 7.532527e-001
2.465359e+000 -7.668918e+000 6.699581e-001
2.771494e+000 -7.721999e+000 6.068869e-001
1.162950e-002 -7.681186e+000 -5.734556e-001
1.821079e-001 -7.702686e+000 -6.382565e-001
3.571282e-001 -7.693327e+000 -6.930639e-001
5.229275e-001 -7.753482e+000 -7.442005e-001
7.975132e-001 -7.699569e+000 -8.238661e-001
1.080997e+000 -7.719625e+000 -8.862895e-001
1.353955e+000 -7.799539e+000 -9.476015e-001
1.672984e+000 -7.789271e+000 -1.039795e+000
1.991355e+000 -7.762735e+000 -1.130968e+000
2.301571e+000 -7.830772e+000 -1.228507e+000
