[individuals]
1
[dimensions]
3
[landmarks]
48
[rawpoints]
'#1
-7.245910e-002 -2.147833e+000 -3.725534e+000
2.166990e-002 -1.353558e+000 -3.880853e+000
-1.665932e+000 -1.527395e+000 2.115171e+000
2.128428e+000 -1.186533e+000 1.983089e+000
3.509853e-001 -2.256546e+000 3.129819e+000
-8.683561e-001 -2.132415e+000 -1.055873e+000
1.071977e+000 -2.042032e+000 -1.226668e+000
-1.198814e+000 -2.133378e+000 -4.159187e-001
-9.957578e-001 -1.431185e+000 -1.440402e+000
1.115021e+000 -1.419148e+000 -1.583453e+000
1.433134e+000 -2.043650e+000 -6.682361e-001
-7.596874e-001 -1.981378e+000 -1.667708e+000
9.248114e-001 -1.907890e+000 -1.741255e+000
9999 9999 9999
1.804656e+000 -2.137875e+000 2.939118e+000
9999 9999 9999
9999 9999 9999
3.463581e-001 -1.551660e+000 3.698510e+000
-1.726676e-001 -1.902992e+000 3.512473e+000
8.059620e-001 -1.965279e+000 3.503100e+000
5.270110e-002 -3.098217e-001 -9.892516e-001
9.988218e-002 -1.446635e-001 -3.290241e-001
1.406603e-001 -3.679748e-003 3.372419e-001
1.543448e-001 2.011161e-001 9.878572e-001
1.775612e-001 2.942613e-001 1.663265e+000
2.020833e-001 -1.185014e-002 2.272533e+000
2.404576e-001 -1.435737e-001 2.940815e+000
2.971280e-001 -2.998721e-001 3.602457e+000
-7.202530e-001 -2.311327e+000 -1.600536e+000
-7.313277e-001 -2.306829e+000 -1.460845e+000
-7.286106e-001 -2.298171e+000 -1.320935e+000
-7.295586e-001 -2.354753e+000 -1.192653e+000
-7.298597e-001 -2.314779e+000 -9.224619e-001
-8.408119e-001 -2.385704e+000 -4.708914e-001
-6.732761e-001 -2.409337e+000 -4.241003e-001
-6.540820e-001 -2.389660e+000 -1.577468e-001
-6.065513e-001 -2.364194e+000 1.045352e-001
-5.807460e-001 -2.414768e+000 3.662107e-001
9.156281e-001 -2.319871e+000 -1.664325e+000
9.405575e-001 -2.306671e+000 -1.526089e+000
9.333838e-001 -2.296568e+000 -1.385553e+000
9.657196e-001 -2.347895e+000 -1.258176e+000
9.181138e-001 -2.275381e+000 -1.000435e+000
9.433798e-001 -2.334901e+000 -7.362716e-001
9.600029e-001 -2.391399e+000 -4.707791e-001
9.799275e-001 -2.342448e+000 -2.264078e-001
9.767811e-001 -2.311616e+000 2.169289e-002
9.668093e-001 -2.346723e+000 2.690358e-001
