[individuals]
1
[dimensions]
3
[landmarks]
48
[rawpoints]
'#1
-1.031774e+000 -7.479469e+000 -4.751316e+000
-1.168586e+000 -6.721640e+000 -4.726722e+000
4.270132e+000 -6.142775e+000 -2.906726e+000
3.808709e+000 -6.536315e+000 -6.793226e+000
5.356172e+000 -7.337730e+000 -4.735887e+000
9.790397e-001 -7.211973e+000 -3.916747e+000
9.132247e-001 -7.251141e+000 -5.574265e+000
2.307962e+000 -7.443923e+000 -3.129761e+000
9.932369e-001 -6.581963e+000 -4.077162e+000
1.049422e+000 -6.676753e+000 -5.604029e+000
2.290107e+000 -7.571758e+000 -6.384828e+000
5.418034e-001 -7.131146e+000 -4.167051e+000
5.927885e-001 -7.267781e+000 -5.407998e+000
5.115405e+000 -7.336133e+000 -3.176012e+000
5.072336e+000 -7.528909e+000 -6.246869e+000
5.266732e+000 -8.022733e+000 -3.630674e+000
5.416077e+000 -8.029248e+000 -5.742236e+000
6.002115e+000 -6.667735e+000 -4.804457e+000
5.655547e+000 -6.931346e+000 -4.110273e+000
5.660155e+000 -7.005238e+000 -5.372946e+000
1.378935e+000 -5.499725e+000 -4.853281e+000
2.026578e+000 -5.361985e+000 -4.870027e+000
2.622076e+000 -5.073740e+000 -4.901666e+000
3.248963e+000 -4.860265e+000 -4.888635e+000
3.902704e+000 -4.762196e+000 -4.847308e+000
4.560882e+000 -4.785048e+000 -4.776432e+000
5.179582e+000 -5.020438e+000 -4.754658e+000
5.787694e+000 -5.282399e+000 -4.771187e+000
5.683603e-001 -7.308246e+000 -4.075133e+000
6.706485e-001 -7.368439e+000 -4.045277e+000
7.907927e-001 -7.380442e+000 -4.025310e+000
9.059314e-001 -7.407065e+000 -3.993492e+000
1.215724e+000 -7.378601e+000 -3.950043e+000
1.524116e+000 -7.390170e+000 -3.891448e+000
1.836063e+000 -7.416338e+000 -3.865553e+000
2.125450e+000 -7.472798e+000 -3.866109e+000
2.416733e+000 -7.518048e+000 -3.871743e+000
2.706789e+000 -7.562861e+000 -3.899809e+000
6.332561e-001 -7.456342e+000 -5.480356e+000
7.062856e-001 -7.502303e+000 -5.517004e+000
7.951351e-001 -7.517138e+000 -5.542986e+000
8.886746e-001 -7.510880e+000 -5.543748e+000
1.187268e+000 -7.458857e+000 -5.573561e+000
1.484708e+000 -7.517958e+000 -5.601709e+000
1.786943e+000 -7.501449e+000 -5.635478e+000
2.084984e+000 -7.558889e+000 -5.635994e+000
2.383698e+000 -7.610630e+000 -5.650658e+000
2.683606e+000 -7.657132e+000 -5.654799e+000
