[individuals]
1
[dimensions]
3
[landmarks]
48
[rawpoints]
'#1
6.566676e+000 -7.706859e+000 -2.861150e+000
6.697022e+000 -6.652948e+000 -2.805343e+000
4.738791e-001 -6.455730e+000 -6.507703e+000
-3.886131e-001 -6.555553e+000 -1.659998e+000
-1.134142e+000 -7.521690e+000 -4.342496e+000
4.308000e+000 -7.624251e+000 -4.327124e+000
4.013472e+000 -7.675144e+000 -2.252728e+000
3.092397e+000 -7.922089e+000 -5.537834e+000
4.055866e+000 -7.050620e+000 -4.586253e+000
3.597065e+000 -6.839919e+000 -2.100780e+000
2.209084e+000 -8.059679e+000 -1.626892e+000
4.870276e+000 -7.742917e+000 -3.913558e+000
4.605422e+000 -7.713873e+000 -2.358459e+000
-7.247815e-001 -7.700917e+000 -5.844114e+000
-1.418252e+000 -7.708589e+000 -2.708662e+000
-9.823831e-001 -8.300881e+000 -5.366675e+000
-1.367019e+000 -8.356813e+000 -3.221593e+000
-1.732145e+000 -6.638675e+000 -4.430754e+000
-1.386429e+000 -7.155512e+000 -4.932505e+000
-1.637534e+000 -7.245406e+000 -3.827531e+000
3.557905e+000 -5.470073e+000 -3.441916e+000
2.772233e+000 -5.344272e+000 -3.562232e+000
2.031532e+000 -5.042663e+000 -3.651719e+000
1.296723e+000 -4.731860e+000 -3.756731e+000
5.137195e-001 -4.634528e+000 -3.914874e+000
-2.714466e-001 -4.683437e+000 -4.084338e+000
-9.660091e-001 -5.058648e+000 -4.240391e+000
-1.711887e+000 -5.320194e+000 -4.391564e+000
4.778207e+000 -7.992928e+000 -4.039453e+000
4.615975e+000 -7.983456e+000 -4.050199e+000
4.459698e+000 -7.952567e+000 -4.084088e+000
4.305299e+000 -7.930043e+000 -4.130751e+000
4.009252e+000 -7.811040e+000 -4.260873e+000
3.696839e+000 -7.811652e+000 -4.406304e+000
3.383432e+000 -7.923189e+000 -4.496172e+000
2.976151e+000 -7.959498e+000 -4.591758e+000
2.564636e+000 -7.996322e+000 -4.666841e+000
2.149074e+000 -8.018841e+000 -4.722919e+000
4.519962e+000 -7.914332e+000 -2.444096e+000
4.356725e+000 -7.902152e+000 -2.479241e+000
4.193861e+000 -7.863729e+000 -2.484704e+000
4.027689e+000 -7.883087e+000 -2.491213e+000
3.740519e+000 -7.713314e+000 -2.454726e+000
3.407953e+000 -7.757951e+000 -2.449333e+000
3.086660e+000 -7.854674e+000 -2.455901e+000
2.657771e+000 -7.889478e+000 -2.503473e+000
2.237405e+000 -7.966039e+000 -2.573221e+000
1.822750e+000 -8.055341e+000 -2.659831e+000
