[individuals]
1
[dimensions]
3
[landmarks]
48
[rawpoints]
'#1
-4.108724e-001 1.837458e+001 -7.399841e+001
-4.549834e-001 1.738702e+001 -7.427990e+001
-2.621530e+000 1.845624e+001 -8.136686e+001
2.325351e+000 1.819182e+001 -8.099455e+001
-3.624994e-002 1.954182e+001 -8.247660e+001
-1.160656e+000 1.841502e+001 -7.713854e+001
5.400297e-001 1.836262e+001 -7.697612e+001
-2.054038e+000 1.917987e+001 -7.867603e+001
-1.424209e+000 1.794514e+001 -7.734518e+001
8.275553e-001 1.787653e+001 -7.730282e+001
1.656625e+000 1.891425e+001 -7.847838e+001
-1.011053e+000 1.829096e+001 -7.684618e+001
3.678322e-001 1.824202e+001 -7.677087e+001
-1.913370e+000 1.968247e+001 -8.237902e+001
1.712793e+000 1.951386e+001 -8.215145e+001
-1.207615e+000 2.051587e+001 -8.243085e+001
1.220173e+000 2.039860e+001 -8.235619e+001
-5.717870e-002 1.875326e+001 -8.341322e+001
-7.251796e-001 1.917049e+001 -8.304159e+001
5.818666e-001 1.912829e+001 -8.300275e+001
-3.911079e-001 1.628437e+001 -7.825955e+001
-3.669333e-001 1.617474e+001 -7.904324e+001
-3.331472e-001 1.604308e+001 -7.982317e+001
-2.811659e-001 1.599992e+001 -8.061195e+001
-2.183602e-001 1.608630e+001 -8.139646e+001
-1.611037e-001 1.636917e+001 -8.213364e+001
-1.221488e-001 1.683817e+001 -8.277030e+001
-9.378157e-002 1.726796e+001 -8.343453e+001
-1.089356e+000 1.861722e+001 -7.669435e+001
-1.042085e+000 1.861397e+001 -7.679893e+001
-1.055064e+000 1.867525e+001 -7.689516e+001
-1.084492e+000 1.871038e+001 -7.700044e+001
-1.201444e+000 1.870683e+001 -7.730465e+001
-1.295854e+000 1.881951e+001 -7.759557e+001
-1.346603e+000 1.894490e+001 -7.789211e+001
-1.389346e+000 1.903723e+001 -7.832869e+001
-1.353752e+000 1.920092e+001 -7.874464e+001
-1.292455e+000 1.937887e+001 -7.915140e+001
4.240195e-001 1.854972e+001 -7.657983e+001
4.312983e-001 1.859758e+001 -7.666779e+001
4.538985e-001 1.863849e+001 -7.675663e+001
4.841244e-001 1.866420e+001 -7.684885e+001
6.160829e-001 1.857842e+001 -7.716586e+001
7.334665e-001 1.868720e+001 -7.748157e+001
8.008922e-001 1.881972e+001 -7.780275e+001
8.696348e-001 1.889095e+001 -7.823213e+001
8.753494e-001 1.904947e+001 -7.864311e+001
8.561975e-001 1.928045e+001 -7.901797e+001
