[individuals]
1
[dimensions]
3
[landmarks]
48
[rawpoints]
'#1
-3.614888e+000 -8.481569e+000 -4.842153e+000
-3.449620e+000 -7.287331e+000 -4.800696e+000
3.681777e+000 -6.602748e+000 -1.739502e+000
3.724517e+000 -6.784063e+000 -6.860379e+000
5.780068e+000 -7.706580e+000 -4.141646e+000
-9.377130e-002 -8.178593e+000 -3.469630e+000
-4.277000e-004 -8.156123e+000 -5.571956e+000
1.242432e+000 -8.349674e+000 -2.373101e+000
-5.107458e-001 -7.133489e+000 -3.418269e+000
-3.296312e-001 -7.149783e+000 -5.698151e+000
1.504708e+000 -8.449130e+000 -6.450089e+000
-5.410038e-001 -8.128812e+000 -3.734127e+000
-4.516611e-001 -8.100443e+000 -5.390437e+000
5.120244e+000 -7.825663e+000 -2.296425e+000
5.562537e+000 -7.856596e+000 -6.116519e+000
5.413955e+000 -8.607619e+000 -2.852982e+000
5.571688e+000 -8.647104e+000 -5.405717e+000
6.340993e+000 -6.781685e+000 -4.059541e+000
6.025077e+000 -7.124084e+000 -3.510559e+000
6.228722e+000 -7.280766e+000 -4.715891e+000
-1.489273e-001 -5.622633e+000 -4.631782e+000
7.250046e-001 -5.384367e+000 -4.559210e+000
1.578254e+000 -5.078864e+000 -4.492650e+000
2.430632e+000 -4.770213e+000 -4.430526e+000
3.308198e+000 -4.539867e+000 -4.379493e+000
4.215751e+000 -4.511909e+000 -4.343026e+000
5.074081e+000 -4.807456e+000 -4.302135e+000
5.965956e+000 -4.975119e+000 -4.255591e+000
-4.304266e-001 -8.365952e+000 -3.636066e+000
-2.926571e-001 -8.269736e+000 -3.518589e+000
-1.006471e-001 -8.260534e+000 -3.447353e+000
-1.923460e-002 -8.448679e+000 -3.443658e+000
2.607561e-001 -8.453780e+000 -3.386235e+000
5.403111e-001 -8.416153e+000 -3.339850e+000
8.252945e-001 -8.427042e+000 -3.320319e+000
1.233643e+000 -8.322199e+000 -3.265697e+000
1.657678e+000 -8.294291e+000 -3.254555e+000
2.077242e+000 -8.359673e+000 -3.275069e+000
-3.388952e-001 -8.385625e+000 -5.382180e+000
-2.504317e-001 -8.389132e+000 -5.419125e+000
-1.671120e-001 -8.434130e+000 -5.434483e+000
-7.159070e-002 -8.434139e+000 -5.443387e+000
2.699889e-001 -8.378149e+000 -5.501212e+000
6.194655e-001 -8.409266e+000 -5.508374e+000
9.676870e-001 -8.452599e+000 -5.513373e+000
1.384248e+000 -8.386474e+000 -5.498156e+000
1.797714e+000 -8.305494e+000 -5.473650e+000
2.209464e+000 -8.388598e+000 -5.432535e+000
