[individuals]
1
[dimensions]
3
[landmarks]
48
[rawpoints]
'#1
5.352153e-001 2.561124e+001 5.914060e+001
4.594306e-001 2.831547e+001 5.813018e+001
4.638331e+000 2.900462e+001 4.314925e+001
-3.522439e+000 2.904766e+001 4.302999e+001
6.303107e-001 2.671715e+001 4.042272e+001
2.478614e+000 2.642105e+001 5.098558e+001
-1.543828e+000 2.665317e+001 5.087775e+001
4.176637e+000 2.528627e+001 4.851824e+001
2.731110e+000 2.765870e+001 5.068351e+001
-1.759898e+000 2.794151e+001 5.082722e+001
-3.600327e+000 2.557458e+001 4.852885e+001
2.101923e+000 2.671919e+001 5.151948e+001
-1.255671e+000 2.683978e+001 5.143945e+001
3.852804e+000 2.683867e+001 4.073207e+001
-2.794296e+000 2.686733e+001 4.066089e+001
3.205428e+000 2.413722e+001 4.061215e+001
-2.380918e+000 2.435088e+001 4.045024e+001
5.663710e-001 2.841273e+001 3.944375e+001
1.573753e+000 2.749091e+001 3.962946e+001
-4.944212e-001 2.767690e+001 3.966583e+001
5.520132e-001 3.130650e+001 4.930396e+001
5.657392e-001 3.160264e+001 4.794221e+001
5.789536e-001 3.192372e+001 4.658602e+001
5.943683e-001 3.192440e+001 4.519236e+001
6.089850e-001 3.193189e+001 4.379878e+001
6.230431e-001 3.188018e+001 4.240613e+001
6.348802e-001 3.153806e+001 4.105508e+001
6.453342e-001 3.113755e+001 3.972030e+001
2.213242e+000 2.637040e+001 5.167078e+001
2.394477e+000 2.678293e+001 5.120170e+001
2.130263e+000 2.652036e+001 5.088073e+001
2.420185e+000 2.613197e+001 5.131237e+001
2.494904e+000 2.584424e+001 5.079159e+001
2.566541e+000 2.572750e+001 5.020781e+001
2.573466e+000 2.553662e+001 4.963942e+001
2.542821e+000 2.547850e+001 4.876354e+001
2.457436e+000 2.544369e+001 4.789007e+001
2.310623e+000 2.522091e+001 4.705321e+001
-1.245003e+000 2.623000e+001 5.154626e+001
-1.339405e+000 2.621074e+001 5.151806e+001
-1.446372e+000 2.628024e+001 5.124248e+001
-1.436817e+000 2.610860e+001 5.113633e+001
-1.565371e+000 2.601086e+001 5.063548e+001
-1.656598e+000 2.589246e+001 5.013095e+001
-1.697932e+000 2.572317e+001 4.963442e+001
-1.685058e+000 2.561180e+001 4.877363e+001
-1.622128e+000 2.554847e+001 4.791016e+001
-1.514037e+000 2.533158e+001 4.707661e+001
