[individuals]
1
[dimensions]
3
[landmarks]
48
[rawpoints]
'#1
-6.692090e-001 1.843875e+001 -5.488451e+001
-6.372048e-001 1.732507e+001 -5.523930e+001
-2.886369e+000 1.910738e+001 -6.303849e+001
2.433982e+000 1.930285e+001 -6.281133e+001
-2.209390e-001 2.068821e+001 -6.389462e+001
-1.619706e+000 1.884422e+001 -5.883995e+001
7.495924e-001 1.889808e+001 -5.867241e+001
-2.417082e+000 1.953540e+001 -5.980727e+001
-1.707138e+000 1.817933e+001 -5.876876e+001
7.524416e-001 1.819878e+001 -5.858979e+001
1.572921e+000 1.958177e+001 -5.952512e+001
-1.412726e+000 1.871750e+001 -5.841223e+001
3.844099e-001 1.874324e+001 -5.830912e+001
-2.259272e+000 2.055294e+001 -6.385863e+001
1.809448e+000 2.074066e+001 -6.363502e+001
-1.699382e+000 2.155631e+001 -6.369808e+001
1.132497e+000 2.165801e+001 -6.349916e+001
-1.170606e-001 2.015265e+001 -6.495507e+001
-7.989486e-001 2.038201e+001 -6.467385e+001
5.266777e-001 2.053500e+001 -6.456372e+001
-4.385160e-001 1.668750e+001 -5.970491e+001
-3.815812e-001 1.667221e+001 -6.062090e+001
-3.314807e-001 1.670310e+001 -6.153690e+001
-2.856672e-001 1.679134e+001 -6.244939e+001
-2.465229e-001 1.701757e+001 -6.333810e+001
-1.884804e-001 1.750065e+001 -6.411637e+001
-1.375937e-001 1.813648e+001 -6.477641e+001
-5.572166e-002 1.873198e+001 -6.547010e+001
-1.365656e+000 1.905489e+001 -5.840449e+001
-1.412464e+000 1.908450e+001 -5.848988e+001
-1.430612e+000 1.911740e+001 -5.858445e+001
-1.450833e+000 1.912000e+001 -5.868417e+001
-1.524999e+000 1.918994e+001 -5.900911e+001
-1.581197e+000 1.932905e+001 -5.931487e+001
-1.587004e+000 1.952147e+001 -5.959580e+001
-1.527232e+000 1.961735e+001 -6.007315e+001
-1.432567e+000 1.977374e+001 -6.052838e+001
-1.321589e+000 1.999642e+001 -6.095115e+001
4.419735e-001 1.910574e+001 -5.824811e+001
4.865323e-001 1.910339e+001 -5.833550e+001
5.340047e-001 1.914430e+001 -5.841102e+001
5.735490e-001 1.917934e+001 -5.849371e+001
7.512251e-001 1.936563e+001 -5.879000e+001
6.519593e-001 1.936621e+001 -5.916859e+001
7.024840e-001 1.961208e+001 -5.946987e+001
7.200844e-001 1.968778e+001 -5.994938e+001
7.014005e-001 1.982872e+001 -6.041386e+001
6.023164e-001 2.003807e+001 -6.084085e+001
