[individuals]
1
[dimensions]
3
[landmarks]
48
[rawpoints]
'#1
2.747726e-003 2.539626e+001 -5.884145e+000
1.835512e-001 2.770645e+001 -6.834254e+000
3.693229e+000 2.903646e+001 -1.967419e+001
-4.082376e+000 2.929564e+001 -1.938912e+001
-3.177567e-001 2.672520e+001 -2.149376e+001
1.790575e+000 2.637714e+001 -1.204504e+001
-1.828278e+000 2.659448e+001 -1.194014e+001
3.600482e+000 2.551760e+001 -1.519618e+001
2.276070e+000 2.771160e+001 -1.292944e+001
-2.174951e+000 2.770582e+001 -1.261884e+001
-3.561128e+000 2.558817e+001 -1.497365e+001
1.230691e+000 2.676203e+001 -1.177322e+001
-1.381682e+000 2.675631e+001 -1.171792e+001
2.513131e+000 2.670993e+001 -2.141863e+001
-3.173538e+000 2.702650e+001 -2.137134e+001
1.910945e+000 2.411172e+001 -2.119074e+001
-2.607567e+000 2.432517e+001 -2.126372e+001
-2.948729e-001 2.812280e+001 -2.246275e+001
6.331735e-001 2.743630e+001 -2.214675e+001
-1.301756e+000 2.753062e+001 -2.217004e+001
2.292030e-001 3.058149e+001 -1.305961e+001
-5.398134e-003 3.124053e+001 -1.420144e+001
-1.578049e-001 3.163266e+001 -1.547292e+001
-2.371691e-001 3.168174e+001 -1.680880e+001
-2.840581e-001 3.185083e+001 -1.813649e+001
-3.170824e-001 3.180670e+001 -1.947452e+001
-2.985104e-001 3.147012e+001 -2.077062e+001
-3.075044e-001 3.112803e+001 -2.206531e+001
1.349949e+000 2.635990e+001 -1.141809e+001
1.514345e+000 2.632273e+001 -1.145490e+001
1.617033e+000 2.621572e+001 -1.154307e+001
1.681286e+000 2.611246e+001 -1.166545e+001
1.803131e+000 2.594296e+001 -1.233358e+001
1.881182e+000 2.594620e+001 -1.302921e+001
1.906242e+000 2.581678e+001 -1.371669e+001
1.897860e+000 2.571064e+001 -1.444940e+001
1.848058e+000 2.564635e+001 -1.518508e+001
1.752721e+000 2.540352e+001 -1.587825e+001
-1.353486e+000 2.656006e+001 -1.128636e+001
-1.533380e+000 2.654842e+001 -1.139280e+001
-1.709553e+000 2.645595e+001 -1.132768e+001
-1.824773e+000 2.637891e+001 -1.148458e+001
-2.135415e+000 2.618946e+001 -1.205810e+001
-1.971271e+000 2.599528e+001 -1.268787e+001
-1.932255e+000 2.589324e+001 -1.335823e+001
-1.983558e+000 2.582667e+001 -1.416568e+001
-2.005564e+000 2.575312e+001 -1.497386e+001
-2.018888e+000 2.547371e+001 -1.573594e+001
