[individuals]
1
[dimensions]
3
[landmarks]
48
[rawpoints]
'#1
-6.481927e-001 1.904357e+001 -7.581980e+001
-5.425978e-001 1.793026e+001 -7.632835e+001
-2.742519e+000 1.837885e+001 -8.362458e+001
2.493863e+000 1.831803e+001 -8.326870e+001
-6.026149e-002 1.954762e+001 -8.497984e+001
-1.312907e+000 1.904899e+001 -7.893901e+001
5.561959e-001 1.899794e+001 -7.873792e+001
-2.222678e+000 1.971036e+001 -8.076045e+001
-1.577759e+000 1.837403e+001 -7.920290e+001
8.319035e-001 1.843077e+001 -7.907417e+001
1.732251e+000 1.968850e+001 -8.045760e+001
-1.214407e+000 1.882161e+001 -7.867082e+001
4.495623e-001 1.877961e+001 -7.865543e+001
-2.007239e+000 1.974430e+001 -8.496708e+001
1.775561e+000 1.977098e+001 -8.465274e+001
-1.547282e+000 2.072940e+001 -8.475309e+001
1.371944e+000 2.070898e+001 -8.463402e+001
-9.991193e-003 1.869166e+001 -8.580461e+001
-6.792051e-001 1.917089e+001 -8.548594e+001
6.739759e-001 1.918140e+001 -8.539769e+001
-3.554590e-001 1.668415e+001 -7.972100e+001
-3.174636e-001 1.645042e+001 -8.061739e+001
-2.865274e-001 1.615541e+001 -8.149574e+001
-2.561097e-001 1.595650e+001 -8.240075e+001
-2.242498e-001 1.589186e+001 -8.332503e+001
-1.803722e-001 1.609410e+001 -8.422879e+001
-1.098105e-001 1.662692e+001 -8.498415e+001
-5.706493e-002 1.696497e+001 -8.584579e+001
-1.225140e+000 1.900776e+001 -7.849982e+001
-1.222009e+000 1.905881e+001 -7.860026e+001
-1.243081e+000 1.916736e+001 -7.862211e+001
-1.255196e+000 1.922791e+001 -7.871641e+001
-1.280733e+000 1.936696e+001 -7.907642e+001
-1.304726e+000 1.934112e+001 -7.946156e+001
-1.315951e+000 1.943716e+001 -7.983606e+001
-1.327827e+000 1.954124e+001 -8.027217e+001
-1.342102e+000 1.961345e+001 -8.071460e+001
-1.327591e+000 1.980164e+001 -8.112148e+001
4.120494e-001 1.896421e+001 -7.837476e+001
4.231415e-001 1.902489e+001 -7.845154e+001
4.154430e-001 1.912010e+001 -7.847557e+001
4.206139e-001 1.919554e+001 -7.853869e+001
4.642591e-001 1.932271e+001 -7.890150e+001
5.715240e-001 1.933204e+001 -7.927314e+001
6.285483e-001 1.942120e+001 -7.964530e+001
6.998483e-001 1.953347e+001 -8.007245e+001
7.741498e-001 1.960633e+001 -8.050755e+001
8.297727e-001 1.978391e+001 -8.091439e+001
