[individuals]
1
[dimensions]
3
[landmarks]
48
[rawpoints]
'#1
-2.947691e-001 2.159173e+001 -2.872013e+001
-5.812187e-002 1.962041e+001 -2.902798e+001
-3.788065e+000 1.949717e+001 -3.995484e+001
3.268234e+000 2.031516e+001 -3.977007e+001
-3.687431e-001 2.144712e+001 -4.223674e+001
-1.969693e+000 2.123692e+001 -3.402195e+001
1.144418e+000 2.167887e+001 -3.404615e+001
-3.222075e+000 2.172235e+001 -3.600733e+001
-1.994341e+000 1.989397e+001 -3.419093e+001
1.520761e+000 2.029238e+001 -3.418616e+001
2.344386e+000 2.231607e+001 -3.599351e+001
-1.683280e+000 2.115150e+001 -3.345969e+001
9.424101e-001 2.146381e+001 -3.344326e+001
-2.999233e+000 2.149335e+001 -4.198379e+001
2.204930e+000 2.187575e+001 -4.175461e+001
-2.742511e+000 2.248316e+001 -4.232325e+001
1.683845e+000 2.292788e+001 -4.203748e+001
-2.227095e-001 2.020761e+001 -4.308799e+001
-1.247082e+000 2.066878e+001 -4.272097e+001
4.952475e-001 2.070079e+001 -4.275354e+001
-5.240541e-002 1.748339e+001 -3.496929e+001
-2.430188e-002 1.735052e+001 -3.615036e+001
6.158794e-003 1.712794e+001 -3.731779e+001
6.042541e-003 1.696279e+001 -3.849512e+001
-2.424463e-002 1.690677e+001 -3.968226e+001
-8.371567e-002 1.706678e+001 -4.085881e+001
-1.392371e-001 1.747741e+001 -4.197308e+001
-1.697660e-001 1.788158e+001 -4.309070e+001
-1.603366e+000 2.168000e+001 -3.351652e+001
-1.643416e+000 2.167989e+001 -3.361345e+001
-1.676518e+000 2.170012e+001 -3.371090e+001
-1.698076e+000 2.174030e+001 -3.380535e+001
-1.817510e+000 2.174745e+001 -3.427465e+001
-1.926021e+000 2.178670e+001 -3.474502e+001
-1.992583e+000 2.183848e+001 -3.522193e+001
-2.032646e+000 2.186062e+001 -3.580048e+001
-1.997849e+000 2.192491e+001 -3.637673e+001
-1.984561e+000 2.205573e+001 -3.694155e+001
7.281994e-001 2.200117e+001 -3.348417e+001
8.288104e-001 2.198732e+001 -3.363133e+001
8.889021e-001 2.201145e+001 -3.379800e+001
9.050356e-001 2.212071e+001 -3.393861e+001
9.654425e-001 2.211734e+001 -3.435026e+001
1.007477e+000 2.210847e+001 -3.476411e+001
1.038657e+000 2.212068e+001 -3.517884e+001
1.076585e+000 2.218312e+001 -3.573353e+001
1.123927e+000 2.219364e+001 -3.629091e+001
1.136479e+000 2.235361e+001 -3.682688e+001
