[individuals]
1
[dimensions]
3
[landmarks]
48
[rawpoints]
'#1
1.022620e+000 2.114787e+001 -4.977232e+001
7.235973e-001 1.806820e+001 -5.095322e+001
-4.699169e+000 2.045125e+001 -6.460048e+001
4.496314e+000 2.006384e+001 -6.531949e+001
-7.360668e-002 2.317706e+001 -6.695877e+001
-1.096682e+000 2.164621e+001 -5.533666e+001
2.584517e+000 2.145873e+001 -5.558762e+001
-3.704060e+000 2.291039e+001 -5.874858e+001
-1.717935e+000 2.078903e+001 -5.618239e+001
2.826369e+000 2.047524e+001 -5.648568e+001
4.680257e+000 2.250734e+001 -5.942205e+001
-6.820919e-001 2.152965e+001 -5.486708e+001
2.153292e+000 2.122748e+001 -5.495018e+001
-3.487273e+000 2.290766e+001 -6.611044e+001
3.444482e+000 2.279984e+001 -6.660864e+001
-3.186890e+000 2.572338e+001 -6.584946e+001
3.554103e+000 2.514541e+001 -6.664574e+001
-2.681979e-001 2.213987e+001 -6.843851e+001
-1.323393e+000 2.237462e+001 -6.784155e+001
9.233297e-001 2.244203e+001 -6.797838e+001
7.660484e-002 1.659211e+001 -5.864064e+001
3.843264e-002 1.644869e+001 -6.019271e+001
-1.753561e-002 1.632195e+001 -6.174574e+001
-1.373600e-001 1.672356e+001 -6.324749e+001
-2.517026e-001 1.703086e+001 -6.477175e+001
-3.737879e-001 1.746643e+001 -6.626384e+001
-4.281223e-001 1.833470e+001 -6.755779e+001
-4.827785e-001 1.899000e+001 -6.897140e+001
-7.920346e-001 2.184567e+001 -5.474255e+001
-8.594904e-001 2.187554e+001 -5.473294e+001
-9.545635e-001 2.195587e+001 -5.488168e+001
-1.024860e+000 2.202832e+001 -5.504707e+001
-1.211869e+000 2.224449e+001 -5.565098e+001
-1.375141e+000 2.244767e+001 -5.626618e+001
-1.477362e+000 2.267696e+001 -5.688538e+001
-1.660702e+000 2.285101e+001 -5.779731e+001
-1.741780e+000 2.293291e+001 -5.873660e+001
-1.779715e+000 2.348120e+001 -5.950697e+001
2.327219e+000 2.162997e+001 -5.480056e+001
2.478872e+000 2.161721e+001 -5.496481e+001
2.482627e+000 2.174141e+001 -5.515109e+001
2.502716e+000 2.175453e+001 -5.537373e+001
2.584702e+000 2.201234e+001 -5.592001e+001
2.648812e+000 2.221911e+001 -5.648983e+001
2.713576e+000 2.239180e+001 -5.707085e+001
2.834325e+000 2.257370e+001 -5.800647e+001
2.754427e+000 2.268943e+001 -5.895664e+001
2.846986e+000 2.323166e+001 -5.974434e+001
