[individuals]
1
[dimensions]
3
[landmarks]
48
[rawpoints]
'#1
-1.223480e-001 1.956772e+001 -4.961986e+000
-8.878241e-002 1.831581e+001 -5.724239e+000
-2.671947e+000 1.907443e+001 -1.469747e+001
3.332567e+000 1.942573e+001 -1.441095e+001
2.087204e-001 2.091892e+001 -1.609360e+001
-1.117172e+000 1.974433e+001 -8.847689e+000
1.233819e+000 1.974010e+001 -8.762791e+000
-2.470135e+000 2.039831e+001 -1.112330e+001
-1.617808e+000 1.907739e+001 -9.731456e+000
1.786400e+000 1.926677e+001 -9.505902e+000
2.639631e+000 2.065442e+001 -1.092873e+001
-8.579683e-001 1.952427e+001 -8.387461e+000
9.228764e-001 1.959799e+001 -8.347322e+000
-1.911781e+000 2.095785e+001 -1.600560e+001
2.355391e+000 2.133441e+001 -1.579354e+001
-1.644458e+000 2.237147e+001 -1.573967e+001
1.946598e+000 2.253538e+001 -1.563832e+001
3.548839e-001 1.987562e+001 -1.707140e+001
-4.814491e-001 2.044012e+001 -1.666141e+001
1.067059e+000 2.041060e+001 -1.661582e+001
1.823284e-001 1.728518e+001 -1.071910e+001
2.301848e-001 1.717586e+001 -1.168593e+001
2.787588e-001 1.688864e+001 -1.261550e+001
3.225633e-001 1.668406e+001 -1.356693e+001
3.610197e-001 1.668037e+001 -1.454027e+001
3.944672e-001 1.698096e+001 -1.546627e+001
4.253829e-001 1.752993e+001 -1.627046e+001
4.652826e-001 1.783658e+001 -1.719422e+001
-8.990777e-001 2.001080e+001 -8.200457e+000
-9.905149e-001 1.994835e+001 -8.327501e+000
-1.062906e+000 2.002238e+001 -8.460483e+000
-1.097699e+000 2.013091e+001 -8.584631e+000
-1.211674e+000 2.015734e+001 -9.065504e+000
-1.291445e+000 2.029401e+001 -9.534414e+000
-1.344757e+000 2.041854e+001 -1.001043e+001
-1.387021e+000 2.053694e+001 -1.056427e+001
-1.389576e+000 2.068830e+001 -1.111166e+001
-1.365976e+000 2.096045e+001 -1.160959e+001
8.574028e-001 2.001234e+001 -8.185591e+000
9.182512e-001 2.004538e+001 -8.315881e+000
9.901230e-001 2.010863e+001 -8.428144e+000
1.060797e+000 2.018022e+001 -8.536082e+000
1.169169e+000 2.014042e+001 -8.996994e+000
1.353105e+000 2.032652e+001 -9.393579e+000
1.453580e+000 2.053189e+001 -9.810090e+000
1.508875e+000 2.072012e+001 -1.036902e+001
1.540896e+000 2.086060e+001 -1.094360e+001
1.490049e+000 2.113515e+001 -1.146605e+001
