[individuals]
1
[dimensions]
3
[landmarks]
48
[rawpoints]
'#1
2.955212e-001 1.021613e+000 -3.575356e+000
1.103188e+000 -3.406580e-002 -5.914218e+000
4.926721e+000 -1.068825e+001 -4.530793e+000
-1.971339e+000 -1.072939e+001 -6.274179e+000
1.181289e+000 -1.284799e+001 -3.521048e+000
2.700166e+000 -4.601014e+000 -3.944653e+000
-6.625763e-001 -4.563969e+000 -4.611672e+000
3.737252e+000 -6.525212e+000 -2.917172e+000
2.987077e+000 -4.804176e+000 -4.957690e+000
-6.521988e-001 -4.987449e+000 -5.579416e+000
-2.088026e+000 -6.793476e+000 -4.387021e+000
2.099943e+000 -3.738387e+000 -4.086012e+000
-3.203407e-001 -3.814660e+000 -4.714986e+000
3.614688e+000 -1.235361e+001 -2.878432e+000
-1.333653e+000 -1.256816e+001 -4.034212e+000
2.758440e+000 -1.253192e+001 -1.421570e+000
-1.404806e+000 -1.293771e+001 -2.509735e+000
1.434335e+000 -1.357756e+001 -4.551200e+000
2.211466e+000 -1.334688e+001 -3.967179e+000
5.284119e-001 -1.351361e+001 -4.446630e+000
1.794510e+000 -5.776318e+000 -7.820711e+000
1.905426e+000 -6.862761e+000 -7.875497e+000
2.038769e+000 -7.939479e+000 -8.011801e+000
2.156679e+000 -9.020367e+000 -8.128115e+000
2.199943e+000 -1.011186e+001 -8.079601e+000
2.207394e+000 -1.119628e+001 -7.939432e+000
2.117462e+000 -1.219931e+001 -7.513368e+000
2.051017e+000 -1.321199e+001 -7.106360e+000
2.030979e+000 -3.670945e+000 -3.736883e+000
2.154860e+000 -3.896058e+000 -3.646082e+000
2.249125e+000 -4.141416e+000 -3.574115e+000
2.291889e+000 -4.385242e+000 -3.460158e+000
2.448913e+000 -4.844665e+000 -3.467089e+000
2.455513e+000 -5.312767e+000 -3.338244e+000
2.450934e+000 -5.786481e+000 -3.231662e+000
2.520061e+000 -6.451207e+000 -3.159101e+000
2.533520e+000 -7.120876e+000 -3.102154e+000
2.408180e+000 -7.720652e+000 -2.825708e+000
-4.490614e-001 -3.873555e+000 -4.235556e+000
-5.766456e-001 -3.983006e+000 -4.207528e+000
-6.244621e-001 -4.190824e+000 -4.184659e+000
-6.473347e-001 -4.405506e+000 -4.165174e+000
-7.130049e-001 -4.912407e+000 -4.250374e+000
-7.489419e-001 -5.419707e+000 -4.150899e+000
-7.625278e-001 -5.924493e+000 -4.034589e+000
-7.764360e-001 -6.625037e+000 -4.012813e+000
-7.649027e-001 -7.320946e+000 -3.928775e+000
-7.276474e-001 -7.943947e+000 -3.609534e+000
