[individuals]
1
[dimensions]
3
[landmarks]
48
[rawpoints]
'#1
-4.076782e-001 1.917402e+001 -5.497959e+001
-2.832979e-001 1.785523e+001 -5.556464e+001
-2.874679e+000 1.877245e+001 -6.371125e+001
2.616750e+000 1.929458e+001 -6.328630e+001
-2.263885e-001 2.049896e+001 -6.542216e+001
-1.437754e+000 1.962813e+001 -5.878817e+001
8.037487e-001 1.975151e+001 -5.880105e+001
-2.644571e+000 2.025195e+001 -6.061440e+001
-1.548299e+000 1.880862e+001 -5.888856e+001
1.019905e+000 1.897945e+001 -5.884837e+001
1.886927e+000 2.069426e+001 -6.039848e+001
-1.234174e+000 1.949411e+001 -5.837489e+001
4.664772e-001 1.964517e+001 -5.837421e+001
-2.358417e+000 2.068637e+001 -6.522108e+001
1.774517e+000 2.099613e+001 -6.503972e+001
-1.776185e+000 2.162038e+001 -6.487413e+001
1.046959e+000 2.163349e+001 -6.471484e+001
-1.129529e-001 1.958871e+001 -6.624860e+001
-9.162014e-001 1.994452e+001 -6.591380e+001
5.472126e-001 1.992327e+001 -6.592049e+001
-7.191591e-002 1.689760e+001 -5.965513e+001
-4.480162e-002 1.675383e+001 -6.064888e+001
-2.970146e-002 1.665905e+001 -6.164875e+001
-2.230351e-002 1.657634e+001 -6.264979e+001
-2.490380e-002 1.654928e+001 -6.365388e+001
-3.798431e-002 1.673880e+001 -6.464021e+001
-4.608772e-002 1.721881e+001 -6.552249e+001
-4.786577e-002 1.762690e+001 -6.644029e+001
-1.277411e+000 1.980902e+001 -5.832319e+001
-1.256845e+000 1.978787e+001 -5.842138e+001
-1.261575e+000 1.982796e+001 -5.851562e+001
-1.278944e+000 1.988960e+001 -5.859568e+001
-1.386977e+000 1.986643e+001 -5.895110e+001
-1.504601e+000 1.986861e+001 -5.930423e+001
-1.581073e+000 1.991935e+001 -5.966494e+001
-1.614154e+000 2.006581e+001 -6.009584e+001
-1.640134e+000 2.013562e+001 -6.054603e+001
-1.625590e+000 2.031819e+001 -6.096398e+001
4.286491e-001 1.999038e+001 -5.837636e+001
4.178158e-001 1.994135e+001 -5.847535e+001
4.073662e-001 2.000433e+001 -5.856617e+001
4.510429e-001 2.007206e+001 -5.864252e+001
6.018854e-001 2.003771e+001 -5.896998e+001
7.574127e-001 2.004908e+001 -5.929684e+001
8.598700e-001 2.009467e+001 -5.964119e+001
8.422133e-001 2.027929e+001 -6.006014e+001
8.833868e-001 2.038636e+001 -6.050372e+001
8.445074e-001 2.055281e+001 -6.092881e+001
