[individuals]
1
[dimensions]
3
[landmarks]
48
[rawpoints]
'#1
-4.297059e+000 -7.870018e+000 -3.319097e+000
-3.590929e+000 -6.529596e+000 -3.156759e+000
4.179945e+000 -6.042558e+000 5.834030e-001
4.810847e+000 -5.927438e+000 -5.136321e+000
6.317997e+000 -7.222331e+000 -2.070929e+000
-3.436768e-001 -7.501934e+000 -1.646333e+000
-1.656926e-001 -7.549475e+000 -3.987072e+000
1.252320e+000 -7.693839e+000 -4.266148e-001
-2.876493e-001 -6.502065e+000 -1.414255e+000
1.254290e-002 -6.452067e+000 -4.142802e+000
1.717512e+000 -7.703652e+000 -4.918765e+000
-8.189377e-001 -7.466781e+000 -1.915340e+000
-6.221716e-001 -7.353190e+000 -3.767749e+000
5.900991e+000 -7.296037e+000 -5.873640e-002
6.375070e+000 -7.158654e+000 -4.256773e+000
6.301630e+000 -8.249205e+000 -3.449481e-001
6.629592e+000 -8.215199e+000 -3.882806e+000
7.099332e+000 -6.245086e+000 -1.988647e+000
6.733127e+000 -6.747542e+000 -1.300773e+000
6.700088e+000 -6.757836e+000 -2.841558e+000
2.695984e-001 -4.902559e+000 -2.621514e+000
1.211993e+000 -4.655923e+000 -2.546445e+000
2.075472e+000 -4.203515e+000 -2.480669e+000
2.990753e+000 -3.871603e+000 -2.397923e+000
3.946880e+000 -3.702504e+000 -2.289373e+000
4.918675e+000 -3.696709e+000 -2.187393e+000
5.802562e+000 -4.101589e+000 -2.090515e+000
6.725212e+000 -4.412900e+000 -2.010409e+000
-7.930346e-001 -7.752316e+000 -1.882167e+000
-7.379984e-001 -7.817079e+000 -1.815359e+000
-5.590326e-001 -7.764958e+000 -1.750443e+000
-4.194824e-001 -7.820928e+000 -1.723534e+000
-3.543779e-002 -7.750960e+000 -1.597755e+000
3.542194e-001 -7.794955e+000 -1.477613e+000
7.541533e-001 -7.826189e+000 -1.392271e+000
1.326502e+000 -7.750168e+000 -1.323638e+000
1.905207e+000 -7.708482e+000 -1.285892e+000
2.465592e+000 -7.863186e+000 -1.296279e+000
-6.605373e-001 -7.627603e+000 -3.829608e+000
-5.327771e-001 -7.675358e+000 -3.904236e+000
-3.969291e-001 -7.738905e+000 -3.945225e+000
-2.422750e-001 -7.752823e+000 -3.953155e+000
1.838871e-001 -7.728002e+000 -3.984695e+000
6.112545e-001 -7.704380e+000 -3.990263e+000
1.038515e+000 -7.725137e+000 -3.974450e+000
1.605629e+000 -7.715389e+000 -3.925761e+000
2.168930e+000 -7.662885e+000 -3.862254e+000
2.714491e+000 -7.788933e+000 -3.759444e+000
