[individuals]
1
[dimensions]
3
[landmarks]
48
[rawpoints]
'#1
-6.629716e-002 1.968826e+001 -5.177996e+001
-1.015043e-001 1.846309e+001 -5.232127e+001
-2.911118e+000 1.900940e+001 -5.919024e+001
2.211615e+000 1.891445e+001 -5.938482e+001
-3.555986e-001 2.022416e+001 -6.073944e+001
-1.117534e+000 1.965296e+001 -5.473350e+001
7.704743e-001 1.965386e+001 -5.482114e+001
-2.255207e+000 2.037540e+001 -5.659899e+001
-1.410743e+000 1.902871e+001 -5.500113e+001
1.091160e+000 1.916312e+001 -5.525266e+001
1.798888e+000 2.040789e+001 -5.676680e+001
-8.901398e-001 1.959096e+001 -5.454027e+001
5.714553e-001 1.964819e+001 -5.456897e+001
-2.255150e+000 2.034990e+001 -6.059049e+001
1.065206e+000 2.126313e+001 -6.037415e+001
-1.568301e+000 2.133076e+001 -6.041256e+001
1.609597e+000 2.033350e+001 -6.063613e+001
-3.349664e-001 1.939406e+001 -6.161220e+001
-1.031587e+000 1.978966e+001 -6.117521e+001
3.643555e-001 1.981998e+001 -6.120219e+001
-2.165176e-001 1.742660e+001 -5.564761e+001
-2.663380e-001 1.725202e+001 -5.651003e+001
-3.053307e-001 1.706097e+001 -5.736954e+001
-3.332312e-001 1.689334e+001 -5.823436e+001
-3.449951e-001 1.685070e+001 -5.911458e+001
-3.472132e-001 1.697718e+001 -5.998679e+001
-3.496206e-001 1.739952e+001 -6.076036e+001
-3.667144e-001 1.771242e+001 -6.158411e+001
-1.048672e+000 1.979256e+001 -5.441228e+001
-1.010941e+000 1.983047e+001 -5.450161e+001
-1.035881e+000 1.988399e+001 -5.458737e+001
-1.053357e+000 1.990325e+001 -5.468818e+001
-1.123501e+000 1.989242e+001 -5.499750e+001
-1.193045e+000 1.997115e+001 -5.529698e+001
-1.236340e+000 2.005420e+001 -5.560021e+001
-1.302902e+000 2.011266e+001 -5.602721e+001
-1.331336e+000 2.018573e+001 -5.645618e+001
-1.343455e+000 2.038713e+001 -5.684280e+001
5.889036e-001 1.988313e+001 -5.446959e+001
6.405746e-001 1.991313e+001 -5.453823e+001
6.602831e-001 1.993936e+001 -5.462311e+001
6.910836e-001 1.995138e+001 -5.470789e+001
7.641851e-001 1.995723e+001 -5.504006e+001
8.646849e-001 2.002559e+001 -5.535776e+001
9.193209e-001 2.007918e+001 -5.568920e+001
9.582748e-001 2.011860e+001 -5.612484e+001
9.582154e-001 2.015591e+001 -5.656241e+001
9.078973e-001 2.035843e+001 -5.694881e+001
