[individuals]
1
[dimensions]
3
[landmarks]
48
[rawpoints]
'#1
9999 9999 9999
9999 9999 9999
3.579025e+000 -7.588452e+000 -1.449896e+000
9999 9999 9999
6.285957e+000 -8.613720e+000 -4.068905e+000
-5.891765e-001 -8.605639e+000 -4.303880e+000
-6.359863e-002 -8.293475e+000 -6.949490e+000
3.104898e-001 -8.432205e+000 -3.447636e+000
-8.018039e-001 -7.446918e+000 -3.802404e+000
5.172634e-003 -7.030062e+000 -7.120169e+000
1.292557e+000 -7.915040e+000 -7.240790e+000
-1.199451e+000 -8.446429e+000 -4.540587e+000
-6.080332e-001 -8.169375e+000 -6.988625e+000
5.283881e+000 -9.283692e+000 -1.878241e+000
9999 9999 9999
6.026068e+000 -9.028106e+000 -2.459523e+000
9999 9999 9999
6.819185e+000 -7.541858e+000 -3.810443e+000
6.651237e+000 -8.094870e+000 -3.214799e+000
6.739492e+000 -7.907745e+000 -4.464449e+000
2.277989e-001 -5.833686e+000 -5.155782e+000
1.115841e+000 -5.638187e+000 -4.858083e+000
2.008757e+000 -5.455739e+000 -4.566567e+000
2.873389e+000 -5.182051e+000 -4.261716e+000
3.798944e+000 -5.129246e+000 -4.024715e+000
4.732764e+000 -5.228951e+000 -3.841428e+000
5.624560e+000 -5.552972e+000 -3.718055e+000
6.538528e+000 -5.784717e+000 -3.555412e+000
-1.145892e+000 -8.881440e+000 -4.588424e+000
-1.011548e+000 -8.901557e+000 -4.566092e+000
-8.822892e-001 -8.948478e+000 -4.559432e+000
-7.482560e-001 -8.970994e+000 -4.537500e+000
-2.956875e-001 -8.829838e+000 -4.351365e+000
1.942520e-001 -8.813326e+000 -4.212986e+000
6.712379e-001 -8.947972e+000 -4.095554e+000
9.930738e-001 -8.951653e+000 -4.002889e+000
1.316203e+000 -8.954977e+000 -3.914813e+000
1.640547e+000 -8.919380e+000 -3.839219e+000
-5.989330e-001 -8.512178e+000 -7.015550e+000
-4.259239e-001 -8.544210e+000 -6.923791e+000
-2.606025e-001 -8.523415e+000 -6.816339e+000
-1.991243e-001 -8.687843e+000 -6.908871e+000
1.247481e-001 -8.496670e+000 -6.659862e+000
5.680320e-001 -8.579704e+000 -6.665580e+000
1.011375e+000 -8.648636e+000 -6.619269e+000
1.436687e+000 -8.572065e+000 -6.506052e+000
1.880243e+000 -8.575177e+000 -6.426915e+000
2.316156e+000 -8.608082e+000 -6.355121e+000
