[individuals]
1
[dimensions]
3
[landmarks]
48
[rawpoints]
'#1
-2.862435e+000 -7.328745e+000 -9.972612e-001
-3.083836e+000 -5.773065e+000 -9.539379e-001
5.294978e+000 -5.141883e+000 -4.712845e-001
4.009189e+000 -5.077356e+000 -5.263505e+000
6.061252e+000 -6.394323e+000 -3.199366e+000
8.750900e-002 -6.857657e+000 -9.185634e-001
-1.884972e-001 -6.700613e+000 -2.633113e+000
2.313582e+000 -6.828328e+000 -2.450415e-001
1.031251e+000 -5.946463e+000 -4.987434e-001
2.313339e-001 -5.730456e+000 -3.232885e+000
1.550424e+000 -6.658908e+000 -4.081379e+000
-2.639820e-001 -6.778487e+000 -9.522921e-001
-5.119724e-001 -6.639202e+000 -2.446688e+000
6.439380e+000 -6.123951e+000 -1.208635e+000
5.627413e+000 -5.944793e+000 -5.226824e+000
6.557395e+000 -7.322763e+000 -1.713539e+000
5.842676e+000 -7.164944e+000 -4.717055e+000
6.847643e+000 -5.394121e+000 -3.360523e+000
6.717288e+000 -5.882770e+000 -2.605418e+000
6.338143e+000 -5.759174e+000 -3.973998e+000
6.810312e-001 -3.626632e+000 -1.836365e+000
1.509367e+000 -3.483124e+000 -2.025030e+000
2.340593e+000 -3.386552e+000 -2.229908e+000
3.153035e+000 -3.175138e+000 -2.423632e+000
3.982650e+000 -3.119335e+000 -2.649324e+000
4.811185e+000 -3.178736e+000 -2.878184e+000
5.598217e+000 -3.456700e+000 -3.091564e+000
6.410211e+000 -3.665138e+000 -3.290294e+000
-2.384850e-001 -7.029136e+000 -9.366941e-001
-1.450202e-001 -7.014105e+000 -9.771101e-001
-4.231206e-002 -7.016789e+000 -9.708598e-001
6.023560e-002 -7.008157e+000 -9.686607e-001
4.113064e-001 -6.940923e+000 -9.354402e-001
7.689255e-001 -6.947317e+000 -9.047500e-001
1.127497e+000 -6.964142e+000 -9.090158e-001
1.615027e+000 -7.002009e+000 -9.645998e-001
2.089913e+000 -7.082898e+000 -1.065230e+000
2.550009e+000 -7.211835e+000 -1.183129e+000
-5.807852e-001 -6.920096e+000 -2.311865e+000
-4.750687e-001 -6.936895e+000 -2.363727e+000
-3.795188e-001 -7.005738e+000 -2.380411e+000
-2.816883e-001 -6.983865e+000 -2.444434e+000
-1.245589e-003 -6.919599e+000 -2.627120e+000
2.944729e-001 -6.902570e+000 -2.795729e+000
6.013344e-001 -6.904375e+000 -2.944018e+000
1.076149e+000 -6.898932e+000 -3.132617e+000
1.565026e+000 -6.946083e+000 -3.273414e+000
2.022375e+000 -7.141529e+000 -3.390383e+000
