[individuals]
1
[dimensions]
3
[landmarks]
48
[rawpoints]
'#1
-2.514088e-001 -7.111178e+000 -7.477631e-001
8.275400e-003 -5.647593e+000 -6.774803e-001
6.369490e+000 -4.586800e+000 -7.275940e+000
1.396851e+000 -4.884458e+000 -9.652769e+000
4.781641e+000 -6.069882e+000 -9.992598e+000
2.678703e+000 -6.229969e+000 -3.288280e+000
5.575893e-001 -6.356137e+000 -4.392800e+000
4.404199e+000 -6.253915e+000 -4.427545e+000
2.914819e+000 -5.514461e+000 -3.455472e+000
5.029394e-001 -5.441868e+000 -4.830240e+000
5.340684e-001 -6.381201e+000 -6.481861e+000
2.098467e+000 -6.225008e+000 -2.844575e+000
4.541233e-001 -6.252840e+000 -3.658059e+000
6.372044e+000 -6.244032e+000 -8.881517e+000
3.028425e+000 -6.192821e+000 -1.079048e+001
6.126060e+000 -7.045532e+000 -9.323855e+000
3.599251e+000 -7.191771e+000 -1.058370e+001
5.114618e+000 -5.187533e+000 -1.069898e+001
5.641628e+000 -5.426209e+000 -1.007620e+001
4.448195e+000 -5.409914e+000 -1.070815e+001
1.977100e+000 -3.635223e+000 -4.714484e+000
2.376673e+000 -3.392205e+000 -5.595855e+000
2.742720e+000 -2.987236e+000 -6.431159e+000
3.186961e+000 -2.719823e+000 -7.283617e+000
3.672554e+000 -2.574840e+000 -8.143091e+000
4.198897e+000 -2.709937e+000 -8.979917e+000
4.652612e+000 -3.139750e+000 -9.757706e+000
5.115449e+000 -3.470938e+000 -1.057727e+001
2.168296e+000 -6.677730e+000 -2.858703e+000
2.292362e+000 -6.661920e+000 -2.988936e+000
2.401382e+000 -6.635004e+000 -3.130334e+000
2.503309e+000 -6.595211e+000 -3.273969e+000
2.751037e+000 -6.447223e+000 -3.560797e+000
2.994040e+000 -6.480436e+000 -3.885424e+000
3.208050e+000 -6.497258e+000 -4.231058e+000
3.473336e+000 -6.490034e+000 -4.669111e+000
3.709848e+000 -6.564075e+000 -5.117338e+000
3.930683e+000 -6.617002e+000 -5.576398e+000
4.498081e-001 -6.653618e+000 -3.718288e+000
5.122225e-001 -6.590944e+000 -3.891413e+000
5.630126e-001 -6.542372e+000 -4.072681e+000
6.613481e-001 -6.611578e+000 -4.225437e+000
7.199643e-001 -6.450269e+000 -4.592684e+000
8.762082e-001 -6.495265e+000 -4.964009e+000
1.032264e+000 -6.557999e+000 -5.332843e+000
1.217065e+000 -6.591428e+000 -5.790720e+000
1.408747e+000 -6.596585e+000 -6.246959e+000
1.612872e+000 -6.733977e+000 -6.676357e+000
