[individuals]
1
[dimensions]
3
[landmarks]
48
[rawpoints]
'#1
-3.989872e-001 1.955359e+001 -5.081711e+001
-3.042498e-001 1.852049e+001 -5.110990e+001
-2.316602e+000 1.901288e+001 -5.895485e+001
2.723905e+000 1.870948e+001 -5.875233e+001
3.445178e-001 2.024939e+001 -6.004061e+001
-1.119006e+000 1.926609e+001 -5.439455e+001
9.678919e-001 1.916317e+001 -5.428865e+001
-1.867389e+000 1.963273e+001 -5.596482e+001
-1.220272e+000 1.869971e+001 -5.447646e+001
9.510483e-001 1.861172e+001 -5.428590e+001
1.973625e+000 1.931908e+001 -5.569157e+001
-9.535252e-001 1.922013e+001 -5.384991e+001
7.222462e-001 1.913537e+001 -5.377775e+001
-1.474364e+000 2.017552e+001 -6.008415e+001
2.214252e+000 1.997917e+001 -5.989469e+001
-9.456742e-001 2.105073e+001 -6.008094e+001
1.822649e+000 2.088505e+001 -5.986076e+001
3.943093e-001 1.955367e+001 -6.102618e+001
-1.889119e-001 1.991709e+001 -6.064065e+001
1.012834e+000 1.991094e+001 -6.054454e+001
-1.547209e-001 1.723581e+001 -5.535844e+001
-9.347217e-002 1.699972e+001 -5.626547e+001
-4.122560e-002 1.669123e+001 -5.715112e+001
1.304317e-002 1.657714e+001 -5.808189e+001
7.309496e-002 1.665960e+001 -5.901562e+001
1.386141e-001 1.707708e+001 -5.985448e+001
2.201025e-001 1.772935e+001 -6.052554e+001
2.955315e-001 1.821179e+001 -6.132790e+001
-9.543258e-001 1.953893e+001 -5.384637e+001
-1.002870e+000 1.957899e+001 -5.399067e+001
-1.002436e+000 1.960769e+001 -5.415745e+001
-1.010636e+000 1.962449e+001 -5.431971e+001
-1.127286e+000 1.963266e+001 -5.475326e+001
-1.175672e+000 1.967413e+001 -5.519775e+001
-1.097038e+000 1.982811e+001 -5.561217e+001
-1.049926e+000 1.989290e+001 -5.595258e+001
-9.858079e-001 1.988702e+001 -5.629629e+001
-8.665716e-001 1.991177e+001 -5.662410e+001
7.933099e-001 1.947170e+001 -5.377122e+001
8.465563e-001 1.947170e+001 -5.389382e+001
8.860748e-001 1.947193e+001 -5.402151e+001
9.068356e-001 1.950723e+001 -5.414874e+001
1.056569e+000 1.942046e+001 -5.447179e+001
1.138077e+000 1.945057e+001 -5.482783e+001
1.181887e+000 1.955575e+001 -5.517615e+001
1.201762e+000 1.957633e+001 -5.562838e+001
1.179886e+000 1.958488e+001 -5.608091e+001
1.143065e+000 1.978593e+001 -5.648535e+001
