[individuals]
1
[dimensions]
3
[landmarks]
48
[rawpoints]
'#1
-6.548500e-001 -7.275601e+000 -3.285141e-001
-4.014073e-001 -5.855666e+000 -6.190179e-001
5.658295e+000 -6.342673e+000 -5.606343e+000
1.191402e+000 -6.337968e+000 -8.255636e+000
4.164176e+000 -7.701727e+000 -8.027240e+000
1.710787e+000 -6.900497e+000 -2.027009e+000
-1.338500e-002 -6.961729e+000 -3.203552e+000
3.680555e+000 -7.351068e+000 -3.217744e+000
2.266474e+000 -6.059979e+000 -2.671283e+000
1.180950e-001 -6.059998e+000 -3.996822e+000
3.076440e-002 -7.348759e+000 -5.428042e+000
1.301400e+000 -6.774612e+000 -1.735519e+000
-2.180786e-001 -6.967889e+000 -2.759701e+000
5.482368e+000 -7.459049e+000 -7.018279e+000
2.541622e+000 -7.529091e+000 -8.907599e+000
5.511058e+000 -8.101480e+000 -7.331674e+000
3.024055e+000 -8.315682e+000 -8.863059e+000
4.648123e+000 -6.918424e+000 -8.779022e+000
4.902977e+000 -7.210715e+000 -8.249399e+000
3.905853e+000 -7.238618e+000 -8.787432e+000
1.613689e+000 -4.616969e+000 -3.842908e+000
2.103254e+000 -4.491879e+000 -4.579181e+000
2.598108e+000 -4.300649e+000 -5.297499e+000
3.100533e+000 -4.134151e+000 -6.016713e+000
3.608527e+000 -4.158875e+000 -6.750671e+000
4.065588e+000 -4.499223e+000 -7.438170e+000
4.445758e+000 -5.040541e+000 -8.038126e+000
4.866788e+000 -5.450481e+000 -8.710426e+000
1.309363e+000 -7.195994e+000 -1.634146e+000
1.364381e+000 -7.190637e+000 -1.783524e+000
1.450355e+000 -7.227224e+000 -1.912518e+000
1.550095e+000 -7.216779e+000 -2.036264e+000
1.808040e+000 -7.130045e+000 -2.323180e+000
2.072367e+000 -7.034228e+000 -2.601262e+000
2.322189e+000 -7.029635e+000 -2.907757e+000
2.538236e+000 -7.223986e+000 -3.258590e+000
2.781199e+000 -7.384881e+000 -3.608759e+000
3.001035e+000 -7.560903e+000 -3.966834e+000
-1.450552e-001 -7.261790e+000 -2.801368e+000
5.589702e-003 -7.168788e+000 -2.789916e+000
1.289143e-001 -7.073083e+000 -2.874205e+000
2.372837e-001 -7.096044e+000 -3.012774e+000
2.495873e-001 -6.950948e+000 -3.347773e+000
3.131395e-001 -6.986619e+000 -3.705697e+000
3.780403e-001 -7.019876e+000 -4.063602e+000
5.819986e-001 -7.202642e+000 -4.449743e+000
7.826947e-001 -7.401967e+000 -4.829391e+000
1.001695e+000 -7.588267e+000 -5.205463e+000
