[individuals]
1
[dimensions]
3
[landmarks]
48
[rawpoints]
'#1
-3.031076e+000 -7.332599e+000 -2.673850e+000
-2.879148e+000 -6.298360e+000 -2.644804e+000
3.916077e+000 -5.774824e+000 7.410568e-001
4.415017e+000 -5.648008e+000 -4.500003e+000
5.423962e+000 -6.839336e+000 -1.714267e+000
-1.096405e-001 -6.749434e+000 -1.344184e+000
-1.934940e-002 -6.747205e+000 -3.359713e+000
1.382121e+000 -7.057484e+000 -2.712378e-001
2.940353e-001 -5.933578e+000 -1.114796e+000
3.225418e-001 -5.961583e+000 -3.447944e+000
1.790353e+000 -6.956000e+000 -4.093202e+000
-5.958706e-001 -6.700202e+000 -1.661086e+000
-4.833408e-001 -6.757446e+000 -3.197294e+000
5.135795e+000 -6.941591e+000 -1.376175e-001
5.589950e+000 -6.648695e+000 -3.624526e+000
5.214892e+000 -7.774290e+000 -4.551905e-001
5.443257e+000 -7.725865e+000 -3.156744e+000
6.407362e+000 -6.171063e+000 -1.658629e+000
5.967659e+000 -6.506680e+000 -1.070644e+000
6.095473e+000 -6.439647e+000 -2.375422e+000
2.109159e-001 -4.850206e+000 -2.216837e+000
1.130631e+000 -4.529541e+000 -2.071550e+000
2.008498e+000 -4.123392e+000 -1.886182e+000
2.874813e+000 -3.707867e+000 -1.669688e+000
3.825904e+000 -3.535763e+000 -1.480948e+000
4.796580e+000 -3.670098e+000 -1.382769e+000
5.656322e+000 -4.147519e+000 -1.435916e+000
6.514399e+000 -4.620351e+000 -1.535899e+000
-5.546250e-001 -7.148637e+000 -1.555200e+000
-4.276360e-001 -7.133572e+000 -1.532516e+000
-2.979789e-001 -7.129585e+000 -1.526119e+000
-1.753130e-001 -7.100207e+000 -1.495178e+000
1.382035e-001 -6.980742e+000 -1.334238e+000
4.967259e-001 -7.000459e+000 -1.236572e+000
8.594694e-001 -7.037847e+000 -1.162494e+000
1.308549e+000 -7.003548e+000 -1.072168e+000
1.761317e+000 -7.080313e+000 -1.044338e+000
2.211165e+000 -7.169398e+000 -1.052095e+000
-4.070832e-001 -7.055357e+000 -3.235506e+000
-2.646051e-001 -7.079588e+000 -3.273919e+000
-1.221640e-001 -7.035728e+000 -3.286150e+000
2.513860e-002 -7.054588e+000 -3.303743e+000
3.293789e-001 -6.901984e+000 -3.312134e+000
6.615692e-001 -6.951952e+000 -3.367630e+000
1.001676e+000 -6.967300e+000 -3.371768e+000
1.471398e+000 -6.946128e+000 -3.366196e+000
1.940680e+000 -6.954768e+000 -3.337156e+000
2.364769e+000 -7.127441e+000 -3.230165e+000
