[individuals]
1
[dimensions]
3
[landmarks]
48
[rawpoints]
'#1
-3.565477e+000 -8.395885e+000 -4.734698e+000
-3.333006e+000 -6.923639e+000 -4.723117e+000
4.994740e+000 -6.492676e+000 -2.433601e+000
4.971722e+000 -6.288910e+000 -7.657679e+000
6.675008e+000 -7.637328e+000 -5.013835e+000
2.056878e-001 -7.802722e+000 -3.843240e+000
8.906390e-002 -7.709925e+000 -5.961041e+000
1.879958e+000 -7.714099e+000 -2.997384e+000
5.020546e-001 -6.926378e+000 -3.589386e+000
4.073864e-001 -6.935206e+000 -6.208223e+000
1.593028e+000 -7.468258e+000 -7.090627e+000
-4.232045e-001 -7.743187e+000 -3.952196e+000
-4.309763e-001 -7.724042e+000 -5.737386e+000
6.365849e+000 -7.660676e+000 -2.951698e+000
6.290371e+000 -7.574981e+000 -7.211389e+000
6.311030e+000 -8.846380e+000 -3.462434e+000
6.138550e+000 -8.749146e+000 -6.694849e+000
7.485913e+000 -6.939943e+000 -5.176175e+000
7.190074e+000 -7.108738e+000 -4.473358e+000
7.205925e+000 -7.099931e+000 -5.830799e+000
4.670811e-001 -5.302911e+000 -4.952559e+000
1.445570e+000 -4.962503e+000 -4.969031e+000
2.410415e+000 -4.584832e+000 -4.974585e+000
3.373211e+000 -4.201921e+000 -4.967466e+000
4.399310e+000 -4.059457e+000 -4.948496e+000
5.427310e+000 -4.188375e+000 -4.932710e+000
6.324427e+000 -4.706649e+000 -4.945251e+000
7.321322e+000 -4.988619e+000 -4.961999e+000
-3.022083e-001 -8.054399e+000 -3.960041e+000
-2.128976e-001 -7.964952e+000 -3.913191e+000
-8.092513e-002 -7.985726e+000 -3.895152e+000
4.595120e-002 -8.026891e+000 -3.875620e+000
4.318889e-001 -8.009130e+000 -3.836407e+000
8.068396e-001 -7.918107e+000 -3.792299e+000
1.187327e+000 -7.995735e+000 -3.792735e+000
1.690784e+000 -8.047983e+000 -3.804328e+000
2.195749e+000 -8.079690e+000 -3.823149e+000
2.681931e+000 -8.211184e+000 -3.874949e+000
-3.198577e-001 -8.066403e+000 -5.750577e+000
-2.049529e-001 -8.058031e+000 -5.817237e+000
-7.618879e-002 -8.032043e+000 -5.838732e+000
4.942580e-002 -8.005408e+000 -5.873788e+000
4.236813e-001 -7.956355e+000 -5.982602e+000
8.053318e-001 -7.917407e+000 -6.067137e+000
1.193569e+000 -7.972342e+000 -6.090798e+000
1.643739e+000 -8.029114e+000 -6.114450e+000
2.097594e+000 -8.029628e+000 -6.093365e+000
2.535268e+000 -8.151158e+000 -6.082430e+000
