[individuals]
1
[dimensions]
3
[landmarks]
48
[rawpoints]
'#1
-3.260541e+000 -6.767160e+000 -5.154459e+000
-3.258037e+000 -5.585565e+000 -5.215652e+000
4.683679e+000 -4.758173e+000 -2.141648e+000
4.911972e+000 -4.778737e+000 -7.398625e+000
6.185021e+000 -5.883173e+000 -4.619013e+000
-4.397190e-002 -6.032022e+000 -3.917727e+000
-3.877980e-002 -6.164245e+000 -5.980299e+000
1.736835e+000 -6.159731e+000 -2.838289e+000
4.050314e-001 -5.230737e+000 -3.698194e+000
4.888573e-001 -5.300822e+000 -6.292354e+000
1.893574e+000 -6.295453e+000 -6.939242e+000
-6.296526e-001 -5.972737e+000 -4.265094e+000
-5.589147e-001 -6.167928e+000 -5.850932e+000
5.948322e+000 -5.931964e+000 -2.782695e+000
6.205546e+000 -6.002292e+000 -6.546989e+000
5.938472e+000 -6.818044e+000 -3.047394e+000
6.126268e+000 -6.808084e+000 -6.067238e+000
7.064763e+000 -5.107362e+000 -4.593313e+000
6.640027e+000 -5.394186e+000 -3.979940e+000
6.738733e+000 -5.497364e+000 -5.348982e+000
3.875641e-001 -3.785496e+000 -5.101633e+000
1.299919e+000 -3.567867e+000 -5.090656e+000
2.196640e+000 -3.292843e+000 -5.083635e+000
3.080101e+000 -2.977651e+000 -5.075691e+000
4.006755e+000 -2.841288e+000 -5.023501e+000
4.941239e+000 -2.809384e+000 -4.949162e+000
5.830403e+000 -3.086228e+000 -4.836357e+000
6.691458e+000 -3.442964e+000 -4.730505e+000
-5.862482e-001 -6.190856e+000 -4.232772e+000
-4.955273e-001 -6.267007e+000 -4.193457e+000
-3.838121e-001 -6.305855e+000 -4.153645e+000
-2.649343e-001 -6.283086e+000 -4.123239e+000
8.613899e-002 -6.256948e+000 -4.011120e+000
4.373988e-001 -6.219954e+000 -3.902684e+000
7.999276e-001 -6.252120e+000 -3.839080e+000
1.279930e+000 -6.217952e+000 -3.747714e+000
1.767266e+000 -6.243340e+000 -3.705616e+000
2.234191e+000 -6.391194e+000 -3.699739e+000
-4.183081e-001 -6.477377e+000 -5.879948e+000
-3.207300e-001 -6.464696e+000 -5.905207e+000
-2.216848e-001 -6.467490e+000 -5.927623e+000
-1.222159e-001 -6.477844e+000 -5.945486e+000
2.210577e-001 -6.375321e+000 -5.998198e+000
5.795886e-001 -6.342851e+000 -6.037306e+000
9.414955e-001 -6.346587e+000 -6.025504e+000
1.431904e+000 -6.307899e+000 -6.023223e+000
1.920058e+000 -6.298913e+000 -5.962717e+000
2.391776e+000 -6.435102e+000 -5.932008e+000
