[individuals]
1
[dimensions]
3
[landmarks]
48
[rawpoints]
'#1
1.544430e+000 3.978378e+000 -3.184770e+000
1.080715e+000 3.308640e+000 -8.030014e-001
9999 9999 9999
5.994946e+000 -7.560780e+000 -2.446349e+000
2.668968e+000 -9.831662e+000 -5.797137e+000
4.473808e-001 -8.677416e-001 -4.592853e+000
4.013053e+000 -7.153671e-001 -3.624589e+000
-3.163025e-001 -2.380028e+000 -4.770558e+000
1.736755e-002 -9.872109e-001 -3.103271e+000
3.652719e+000 -9.244930e-001 -1.945691e+000
4.969904e+000 -2.310558e+000 -3.393795e+000
4.397200e-001 4.391861e-001 -3.980885e+000
3.554722e+000 5.276825e-001 -3.069079e+000
9999 9999 9999
5.662537e+000 -9.476496e+000 -5.236619e+000
9999 9999 9999
9999 9999 9999
2.602937e+000 -1.082776e+001 -4.598737e+000
1.857856e+000 -1.088610e+001 -5.412141e+000
3.532392e+000 -1.019875e+001 -4.789470e+000
1.395986e+000 -1.929121e+000 -1.384995e-001
1.338694e+000 -3.308376e+000 -2.078072e-001
1.369511e+000 -4.679521e+000 -3.787750e-001
1.310392e+000 -6.058835e+000 -3.127209e-001
1.344335e+000 -7.439361e+000 -3.693788e-001
1.521998e+000 -8.753500e+000 -7.591726e-001
1.765873e+000 -9.935237e+000 -1.433381e+000
1.975657e+000 -1.106872e+001 -2.195929e+000
6.073223e-001 4.177385e-001 -4.537600e+000
5.654606e-001 1.073178e-001 -4.712650e+000
6.021120e-001 -2.328997e-001 -4.820722e+000
5.800325e-001 -5.659384e-001 -4.952474e+000
8.036504e-001 -1.046493e+000 -4.821904e+000
7.450661e-001 -1.565203e+000 -4.981648e+000
8.529571e-001 -2.071364e+000 -5.155314e+000
8.614901e-001 -2.652412e+000 -5.140476e+000
9.723283e-001 -3.206813e+000 -5.275525e+000
1.032155e+000 -3.763805e+000 -5.430758e+000
3.724934e+000 5.980173e-001 -3.636995e+000
3.884371e+000 3.144916e-001 -3.838683e+000
3.993970e+000 -1.514853e-002 -3.997642e+000
4.067520e+000 -3.745760e-001 -4.109141e+000
4.159569e+000 -8.968928e-001 -4.052098e+000
4.130398e+000 -1.426868e+000 -4.105269e+000
4.105990e+000 -1.936797e+000 -4.259917e+000
4.124643e+000 -2.508589e+000 -4.309143e+000
4.127235e+000 -3.075113e+000 -4.402809e+000
4.233045e+000 -3.606554e+000 -4.592764e+000
