[individuals]
1
[dimensions]
3
[landmarks]
48
[rawpoints]
'#1
1.146126e+000 -6.980683e+000 -5.084442e-001
1.148875e+000 -5.899981e+000 -5.271906e-001
3.809911e+000 -6.037623e+000 -6.983125e+000
-1.016153e+000 -6.110003e+000 -7.076854e+000
1.369902e+000 -7.292036e+000 -8.513612e+000
2.347579e+000 -7.008170e+000 -3.409966e+000
1.623360e-001 -6.895140e+000 -3.445864e+000
3.155807e+000 -7.360857e+000 -4.247581e+000
2.305827e+000 -6.240319e+000 -2.794784e+000
2.257656e-001 -6.236196e+000 -2.824399e+000
-4.935575e-001 -7.342776e+000 -4.347955e+000
2.123212e+000 -6.835187e+000 -2.800252e+000
2.812927e-001 -6.828799e+000 -2.839352e+000
3.158597e+000 -7.236675e+000 -8.319338e+000
-3.812651e-001 -7.150758e+000 -8.437840e+000
2.573176e+000 -8.111763e+000 -8.017985e+000
2.240047e-001 -8.042584e+000 -8.082384e+000
1.372196e+000 -6.532489e+000 -9.250818e+000
2.042915e+000 -6.983124e+000 -8.936701e+000
8.472782e-001 -6.910030e+000 -8.928858e+000
1.374293e+000 -4.691695e+000 -3.632293e+000
1.393491e+000 -4.575953e+000 -4.479832e+000
1.411595e+000 -4.327050e+000 -5.298293e+000
1.404344e+000 -4.072330e+000 -6.115119e+000
1.372183e+000 -4.033839e+000 -6.969250e+000
1.362204e+000 -4.265192e+000 -7.792975e+000
1.379870e+000 -4.739191e+000 -8.505131e+000
1.430407e+000 -5.124001e+000 -9.267610e+000
2.200771e+000 -7.157384e+000 -2.870036e+000
2.179336e+000 -7.165884e+000 -3.027098e+000
2.188427e+000 -7.182082e+000 -3.184752e+000
2.222940e+000 -7.189722e+000 -3.339514e+000
2.304745e+000 -7.222924e+000 -3.598680e+000
2.386968e+000 -7.287410e+000 -3.851732e+000
2.435832e+000 -7.337485e+000 -4.116422e+000
2.431509e+000 -7.294330e+000 -4.441561e+000
2.384501e+000 -7.310955e+000 -4.765772e+000
2.307311e+000 -7.335958e+000 -5.083595e+000
3.430577e-001 -7.151755e+000 -2.932521e+000
3.310601e-001 -7.147990e+000 -3.085969e+000
3.145528e-001 -7.128049e+000 -3.237743e+000
3.266399e-001 -7.183652e+000 -3.380800e+000
3.106526e-001 -7.180235e+000 -3.636442e+000
3.056268e-001 -7.217741e+000 -3.889789e+000
3.059142e-001 -7.259617e+000 -4.142501e+000
3.011615e-001 -7.279488e+000 -4.467658e+000
3.021891e-001 -7.292497e+000 -4.793189e+000
3.033126e-001 -7.343193e+000 -5.115018e+000
