[individuals]
1
[dimensions]
3
[landmarks]
48
[rawpoints]
'#1
-2.656107e-002 2.015321e+001 -2.829892e+000
-4.063368e-003 1.893783e+001 -3.139901e+000
-2.721304e+000 1.874594e+001 -1.105900e+001
2.535366e+000 1.877908e+001 -1.110174e+001
-9.802665e-002 2.026504e+001 -1.309062e+001
-1.165948e+000 1.990594e+001 -6.584038e+000
1.089385e+000 1.978663e+001 -6.562521e+000
-2.057478e+000 2.026728e+001 -7.874801e+000
-1.376796e+000 1.942636e+001 -6.487661e+000
1.235551e+000 1.929782e+001 -6.503522e+000
1.959998e+000 2.021515e+001 -7.912663e+000
-9.488931e-001 1.980144e+001 -6.105557e+000
7.767352e-001 1.971198e+001 -6.131972e+000
-2.156314e+000 2.060219e+001 -1.262162e+001
1.895445e+000 2.057061e+001 -1.268709e+001
-1.474555e+000 2.143738e+001 -1.249011e+001
1.356927e+000 2.144674e+001 -1.252519e+001
-2.390795e-001 1.940661e+001 -1.376647e+001
-8.220957e-001 1.975154e+001 -1.352188e+001
5.923874e-001 1.970995e+001 -1.357048e+001
-3.981071e-002 1.735359e+001 -6.966968e+000
-6.686787e-002 1.720265e+001 -7.951021e+000
-8.812115e-002 1.696896e+001 -8.918970e+000
-8.812942e-002 1.675035e+001 -9.890685e+000
-6.297725e-002 1.665620e+001 -1.088184e+001
-2.176612e-002 1.682003e+001 -1.186332e+001
-1.305995e-002 1.728366e+001 -1.274474e+001
-2.326145e-002 1.764676e+001 -1.367208e+001
-9.713155e-001 2.010830e+001 -6.112867e+000
-1.017973e+000 2.012602e+001 -6.234079e+000
-1.065499e+000 2.015466e+001 -6.352849e+000
-1.092968e+000 2.017980e+001 -6.478534e+000
-1.173884e+000 2.006900e+001 -6.770776e+000
-1.224945e+000 2.011816e+001 -7.085729e+000
-1.228570e+000 2.018613e+001 -7.401309e+000
-1.262779e+000 2.018553e+001 -7.796229e+000
-1.272036e+000 2.015678e+001 -8.191456e+000
-1.267047e+000 2.029706e+001 -8.562175e+000
8.354174e-001 2.003920e+001 -6.149719e+000
8.910235e-001 2.009057e+001 -6.192666e+000
9.213722e-001 2.010754e+001 -6.317954e+000
9.407773e-001 2.011298e+001 -6.447890e+000
1.082122e+000 2.005190e+001 -6.745315e+000
1.079538e+000 2.006443e+001 -7.079985e+000
1.056774e+000 2.012552e+001 -7.408504e+000
1.095140e+000 2.013406e+001 -7.802111e+000
1.123039e+000 2.011604e+001 -8.196280e+000
1.120274e+000 2.025060e+001 -8.568258e+000
