[individuals]
1
[dimensions]
3
[landmarks]
48
[rawpoints]
'#1
3.064827e+000 -6.197380e-001 -2.278153e+000
2.509884e+000 -7.495556e-001 -1.270863e+000
3.288880e-002 -8.127394e+000 -1.808021e+000
4.249709e+000 -8.029218e+000 3.873936e-001
2.659979e+000 -9.505873e+000 -1.681359e+000
1.778011e+000 -3.920837e+000 -2.259105e+000
3.595208e+000 -3.964143e+000 -1.236664e+000
1.109284e+000 -5.263990e+000 -2.883032e+000
1.323282e+000 -3.427108e+000 -1.650461e+000
3.424745e+000 -3.542719e+000 -5.049529e-001
4.544268e+000 -5.186392e+000 -8.848175e-001
1.937893e+000 -3.266243e+000 -2.058683e+000
3.485327e+000 -3.302273e+000 -1.255985e+000
9.962506e-001 -9.277493e+000 -2.426758e+000
4.091081e+000 -9.334949e+000 -6.524197e-001
1.920778e+000 -9.193676e+000 -3.214587e+000
4.255599e+000 -9.250554e+000 -1.996855e+000
2.267524e+000 -1.008868e+001 -9.531444e-001
1.828282e+000 -9.873919e+000 -1.540621e+000
2.915034e+000 -9.897160e+000 -9.531692e-001
1.752668e+000 -3.911206e+000 1.401703e-001
1.631799e+000 -4.771482e+000 3.846003e-001
1.472262e+000 -5.605963e+000 6.889287e-001
1.333278e+000 -6.468330e+000 9.157652e-001
1.268440e+000 -7.366455e+000 9.754719e-001
1.240531e+000 -8.268444e+000 9.626047e-001
1.375060e+000 -9.106164e+000 6.550888e-001
1.534475e+000 -9.937161e+000 3.413139e-001
2.029394e+000 -3.316023e+000 -2.365273e+000
2.031481e+000 -3.479931e+000 -2.366646e+000
2.027336e+000 -3.640586e+000 -2.399012e+000
1.996319e+000 -3.801555e+000 -2.398512e+000
1.886204e+000 -4.123979e+000 -2.377908e+000
1.852739e+000 -4.456711e+000 -2.446259e+000
1.858273e+000 -4.786430e+000 -2.534337e+000
1.817376e+000 -5.208841e+000 -2.566378e+000
1.796474e+000 -5.632488e+000 -2.601417e+000
1.831168e+000 -6.047165e+000 -2.690683e+000
3.646945e+000 -3.377333e+000 -1.557219e+000
3.496437e+000 -3.529887e+000 -1.500091e+000
3.436285e+000 -3.739512e+000 -1.459802e+000
3.533202e+000 -3.912810e+000 -1.558617e+000
3.566214e+000 -4.239729e+000 -1.442515e+000
3.687560e+000 -4.566407e+000 -1.441324e+000
3.813364e+000 -4.884915e+000 -1.505859e+000
3.862383e+000 -5.281575e+000 -1.486249e+000
3.889981e+000 -5.680750e+000 -1.489541e+000
3.938880e+000 -6.065303e+000 -1.588819e+000
