[individuals]
1
[dimensions]
3
[landmarks]
48
[rawpoints]
'#1
3.598592e+003 3.017558e+003 9.892019e+003
2.329381e+003 3.104458e+003 9.584438e+003
2.270694e+003 5.094682e+003 2.641384e+003
2.267073e+003 3.719125e+002 2.890739e+003
3.556829e+003 2.738408e+003 1.287987e+003
3.078516e+003 4.005706e+003 6.698823e+003
3.122508e+003 1.848868e+003 6.840005e+003
3.378274e+003 4.706478e+003 5.680664e+003
2.649932e+003 4.098597e+003 6.857792e+003
2.631970e+003 1.809466e+003 7.008170e+003
3.426800e+003 1.064213e+003 5.867806e+003
3.039221e+003 3.787063e+003 7.218226e+003
3.015951e+003 2.195665e+003 7.306440e+003
3.502716e+003 4.478987e+003 1.159343e+003
3.521678e+003 8.239790e+002 1.408842e+003
4.422866e+003 3.933434e+003 1.427383e+003
4.346683e+003 1.360559e+003 1.394746e+003
2.775945e+003 2.605489e+003 4.615189e+002
3.126880e+003 3.246195e+003 7.549470e+002
3.070550e+003 2.030970e+003 8.209701e+002
1.059477e+003 2.850146e+003 6.730284e+003
8.564118e+002 2.803217e+003 5.818927e+003
5.843527e+002 2.778465e+003 4.924710e+003
3.757676e+002 2.779152e+003 4.013352e+003
3.324002e+002 2.794318e+003 3.079534e+003
4.856500e+002 2.797211e+003 2.157200e+003
9.735659e+002 2.735193e+003 1.362098e+003
1.374243e+003 2.655969e+003 5.211224e+002
3.259407e+003 3.735145e+003 7.113405e+003
3.264085e+003 3.797521e+003 7.021774e+003
3.308751e+003 3.828177e+003 6.924958e+003
3.367087e+003 3.852735e+003 6.833836e+003
3.261502e+003 3.953186e+003 6.531147e+003
3.310042e+003 4.036491e+003 6.209324e+003
3.449747e+003 4.047024e+003 5.903995e+003
3.381240e+003 4.052246e+003 5.488882e+003
3.362542e+003 3.947417e+003 5.081809e+003
3.562400e+003 3.859338e+003 4.722151e+003
3.306628e+003 2.174359e+003 7.223749e+003
3.333881e+003 2.103787e+003 7.191093e+003
3.363488e+003 2.071868e+003 7.050525e+003
3.365434e+003 2.032989e+003 6.942551e+003
3.362422e+003 1.848305e+003 6.661463e+003
3.344624e+003 1.781113e+003 6.332312e+003
3.477827e+003 1.782546e+003 6.023503e+003
3.416674e+003 1.752323e+003 5.641581e+003
3.473600e+003 1.720319e+003 5.193140e+003
3.541471e+003 1.769592e+003 4.882856e+003
