[individuals]
1
[dimensions]
3
[landmarks]
48
[rawpoints]
'#1
-1.165699e-001 1.941576e+001 -7.275716e+001
-6.881265e-002 1.758360e+001 -7.331716e+001
-3.497869e+000 1.814474e+001 -8.327107e+001
2.556700e+000 1.857701e+001 -8.337968e+001
-5.942568e-001 2.016102e+001 -8.502293e+001
-1.700615e+000 1.945604e+001 -7.721507e+001
1.095649e+000 1.959196e+001 -7.753500e+001
-3.111119e+000 1.989840e+001 -7.952179e+001
-1.831576e+000 1.869890e+001 -7.745564e+001
1.231060e+000 1.871183e+001 -7.709065e+001
2.217514e+000 2.019516e+001 -7.975714e+001
-1.420574e+000 1.939370e+001 -7.665051e+001
8.595778e-001 1.945268e+001 -7.675658e+001
-3.177963e+000 2.011405e+001 -8.508805e+001
1.723128e+000 2.059145e+001 -8.505721e+001
-2.340600e+000 2.140522e+001 -8.475909e+001
1.044744e+000 2.169098e+001 -8.478362e+001
-5.564798e-001 1.890898e+001 -8.604422e+001
-1.476661e+000 1.962877e+001 -8.533964e+001
2.553410e-001 1.970498e+001 -8.546424e+001
-1.186488e-001 1.611410e+001 -7.905933e+001
-1.659275e-001 1.608770e+001 -8.014330e+001
-1.874117e-001 1.589093e+001 -8.121038e+001
-1.958264e-001 1.579770e+001 -8.229163e+001
-2.140406e-001 1.589100e+001 -8.337277e+001
-2.729326e-001 1.622495e+001 -8.440373e+001
-3.927425e-001 1.676254e+001 -8.533885e+001
-4.862663e-001 1.708618e+001 -8.637056e+001
-1.445862e+000 1.976128e+001 -7.663132e+001
-1.524421e+000 1.984163e+001 -7.685634e+001
-1.617147e+000 1.987167e+001 -7.708821e+001
-1.691688e+000 1.984529e+001 -7.732698e+001
-1.790518e+000 1.982347e+001 -7.772399e+001
-1.870780e+000 1.992660e+001 -7.811232e+001
-1.913401e+000 2.004349e+001 -7.850269e+001
-1.979942e+000 2.006221e+001 -7.906493e+001
-2.000340e+000 2.009363e+001 -7.962974e+001
-2.031886e+000 2.035218e+001 -8.013309e+001
8.602813e-001 1.997707e+001 -7.680550e+001
8.988625e-001 2.002990e+001 -7.701849e+001
9.341781e-001 2.002985e+001 -7.723847e+001
9.935758e-001 2.002282e+001 -7.745309e+001
1.125443e+000 2.002401e+001 -7.784168e+001
1.165887e+000 2.011552e+001 -7.823965e+001
1.163899e+000 2.024571e+001 -7.862878e+001
1.186195e+000 2.025266e+001 -7.920158e+001
1.141872e+000 2.027489e+001 -7.977272e+001
1.095221e+000 2.049744e+001 -8.029900e+001
