[individuals]
1
[dimensions]
3
[landmarks]
48
[rawpoints]
'#1
-3.006723e+000 -7.384698e+000 -3.971870e+000
-2.672461e+000 -5.630881e+000 -3.939909e+000
7.014383e+000 -5.193194e+000 -2.303085e-001
7.307347e+000 -4.948966e+000 -6.504004e+000
9.146126e+000 -6.672441e+000 -3.308113e+000
1.918965e+000 -6.826752e+000 -2.225200e+000
2.055720e+000 -6.767110e+000 -5.163117e+000
3.435511e+000 -7.173071e+000 -8.383654e-001
1.799140e+000 -5.535352e+000 -2.136740e+000
1.681779e+000 -5.993440e+000 -5.305696e+000
3.860775e+000 -7.089441e+000 -6.281563e+000
1.020974e+000 -6.777560e+000 -2.584754e+000
1.176447e+000 -6.697890e+000 -4.955443e+000
8.727092e+000 -6.576202e+000 -7.475009e-001
9.073729e+000 -6.497203e+000 -5.830772e+000
8.940909e+000 -8.101164e+000 -1.547901e+000
9.337149e+000 -7.899358e+000 -5.157635e+000
1.001091e+001 -5.409106e+000 -3.101156e+000
9.615764e+000 -5.964172e+000 -2.315952e+000
9.769552e+000 -5.873057e+000 -4.049319e+000
2.244896e+000 -3.444672e+000 -3.560698e+000
3.362565e+000 -3.216395e+000 -3.506532e+000
4.487271e+000 -3.029321e+000 -3.440662e+000
5.595140e+000 -2.761703e+000 -3.368944e+000
6.696811e+000 -2.471270e+000 -3.290096e+000
7.835216e+000 -2.467568e+000 -3.200099e+000
8.870829e+000 -2.943142e+000 -3.126545e+000
9.960814e+000 -3.277787e+000 -3.062070e+000
1.179710e+000 -7.226003e+000 -2.533559e+000
1.363861e+000 -7.258112e+000 -2.437513e+000
1.567414e+000 -7.226385e+000 -2.395930e+000
1.773675e+000 -7.226884e+000 -2.355630e+000
2.208103e+000 -7.195927e+000 -2.251995e+000
2.643524e+000 -7.259134e+000 -2.169123e+000
3.080350e+000 -7.344047e+000 -2.120085e+000
3.656537e+000 -7.303689e+000 -2.073290e+000
4.235955e+000 -7.301949e+000 -2.083405e+000
4.789131e+000 -7.472699e+000 -2.108954e+000
1.305469e+000 -7.170189e+000 -4.873166e+000
1.515858e+000 -7.130493e+000 -4.869775e+000
1.724278e+000 -7.105052e+000 -4.911757e+000
1.935522e+000 -7.137327e+000 -4.925467e+000
2.357107e+000 -7.105367e+000 -5.055881e+000
2.791938e+000 -7.143829e+000 -5.128024e+000
3.215366e+000 -7.270933e+000 -5.145790e+000
3.810163e+000 -7.191305e+000 -5.132070e+000
4.406676e+000 -7.230956e+000 -5.078196e+000
4.989790e+000 -7.356780e+000 -5.011313e+000
