[individuals]
1
[dimensions]
3
[landmarks]
48
[rawpoints]
'#1
-2.104242e-001 1.965496e+001 -4.909471e+000
1.909811e-001 1.781521e+001 -5.659383e+000
-3.825511e+000 1.788832e+001 -1.589735e+001
2.435612e+000 1.966160e+001 -1.636127e+001
-1.227655e+000 2.060797e+001 -1.809272e+001
-2.016502e+000 1.950390e+001 -9.834561e+000
8.194464e-001 2.034485e+001 -1.011806e+001
-3.448582e+000 1.942427e+001 -1.171131e+001
-2.098279e+000 1.856346e+001 -1.030535e+001
1.249384e+000 1.958349e+001 -1.037272e+001
1.811482e+000 2.076300e+001 -1.210825e+001
-1.691738e+000 1.942802e+001 -9.200335e+000
6.865126e-001 2.014483e+001 -9.391191e+000
-3.780691e+000 2.014704e+001 -1.770058e+001
1.135091e+000 2.148389e+001 -1.790849e+001
-3.017583e+000 2.168493e+001 -1.762344e+001
8.760484e-002 2.275186e+001 -1.758680e+001
-1.091682e+000 1.968139e+001 -1.909023e+001
-1.940629e+000 1.964456e+001 -1.838153e+001
-2.201715e-001 2.012610e+001 -1.869015e+001
3.056158e-001 1.651743e+001 -1.169313e+001
2.455881e-001 1.644681e+001 -1.279601e+001
2.223147e-001 1.623088e+001 -1.388126e+001
1.677324e-001 1.611389e+001 -1.498047e+001
9.705328e-002 1.611052e+001 -1.608490e+001
-9.153169e-002 1.645477e+001 -1.711978e+001
-3.143010e-001 1.709118e+001 -1.799746e+001
-4.869989e-001 1.745440e+001 -1.902857e+001
-1.904094e+000 1.989808e+001 -9.188505e+000
-1.944106e+000 1.991051e+001 -9.358419e+000
-1.977340e+000 1.993539e+001 -9.528435e+000
-2.014822e+000 1.996138e+001 -9.697394e+000
-2.112355e+000 1.984497e+001 -1.014411e+001
-2.212920e+000 1.989597e+001 -1.060226e+001
-2.309621e+000 2.005759e+001 -1.103486e+001
-2.394615e+000 2.008737e+001 -1.159386e+001
-2.455967e+000 2.012576e+001 -1.215544e+001
-2.563930e+000 2.036174e+001 -1.265867e+001
5.279654e-001 2.058134e+001 -9.343331e+000
5.778685e-001 2.063647e+001 -9.534773e+000
6.018118e-001 2.068009e+001 -9.734205e+000
5.896090e-001 2.075811e+001 -9.923628e+000
7.477279e-001 2.070590e+001 -1.037659e+001
7.565705e-001 2.083528e+001 -1.084146e+001
7.300814e-001 2.098845e+001 -1.129835e+001
7.130572e-001 2.102545e+001 -1.184026e+001
6.544374e-001 2.109015e+001 -1.237664e+001
5.725534e-001 2.130914e+001 -1.286723e+001
