[individuals]
1
[dimensions]
3
[landmarks]
48
[rawpoints]
'#1
9999 9999 9999
9999 9999 9999
4.510509e+000 1.394461e+000 9.638829e+000
4.529683e+000 1.527924e+000 3.863087e+000
6.672388e+000 -6.437530e-002 6.532489e+000
-9.611025e-001 -2.549530e-001 8.252663e+000
-1.034412e+000 1.483072e-001 5.043845e+000
3.056293e-001 -1.336546e-001 8.894076e+000
-1.235619e+000 1.044299e+000 8.414663e+000
-1.280732e+000 1.137007e+000 5.207500e+000
4.204269e-001 6.712151e-002 4.538373e+000
-1.943716e+000 -9.673844e-002 8.249603e+000
-2.046841e+000 -5.314789e-002 5.181367e+000
6.480460e+000 -2.687050e-001 8.817333e+000
6.297904e+000 -1.055080e-001 4.198438e+000
6.652701e+000 -2.528334e-001 8.447104e+000
6.617105e+000 -9.275179e-002 4.535520e+000
7.322447e+000 9.252621e-001 6.583423e+000
7.335290e+000 3.142147e-001 7.315758e+000
7.336496e+000 4.439507e-001 5.713881e+000
-1.637416e+000 2.575517e+000 7.043912e+000
-3.887004e-001 2.917506e+000 7.081371e+000
8.950116e-001 3.089674e+000 7.073296e+000
2.150799e+000 3.405883e+000 7.100803e+000
3.435138e+000 3.573496e+000 7.090806e+000
4.721557e+000 3.449249e+000 7.005200e+000
5.969795e+000 3.132212e+000 6.867306e+000
7.141580e+000 2.613607e+000 6.678631e+000
-1.875384e+000 -6.540295e-001 8.268709e+000
-1.617523e+000 -7.616917e-001 8.268471e+000
-1.340518e+000 -7.963213e-001 8.255853e+000
-1.071210e+000 -8.681919e-001 8.236016e+000
-6.315993e-001 -5.273452e-001 8.225044e+000
-8.572810e-002 -6.127857e-001 8.164728e+000
4.625406e-001 -6.537892e-001 8.076265e+000
9.391870e-001 -5.554797e-001 8.044855e+000
1.419227e+000 -4.925720e-001 7.986320e+000
1.901477e+000 -5.511677e-001 7.943405e+000
-1.929627e+000 -5.106494e-001 5.173385e+000
-1.687872e+000 -6.083192e-001 5.137202e+000
-1.430600e+000 -6.640756e-001 5.136411e+000
-1.174747e+000 -7.259685e-001 5.136990e+000
-6.873496e-001 -3.996639e-001 5.150321e+000
-1.060708e-001 -4.642619e-001 5.197039e+000
4.714827e-001 -5.586224e-001 5.238996e+000
9.366264e-001 -4.365856e-001 5.249374e+000
1.414619e+000 -3.872110e-001 5.270038e+000
1.891298e+000 -4.510460e-001 5.262984e+000
